%mapname = 'HPT'
%maptype = 'TURBone'

%        alpha        speed           PR        Wcorr          eff  
%mapdata=[ 
 
HPT(:,1,:,1)=[       1.00000,     60.0000,     3.00000,     10.1440,    0.844900   
      1.00000,     60.0000,     3.25000,     10.1440,    0.839400   
      1.00000,     60.0000,     3.50000,     10.1440,    0.835800   
      1.00000,     60.0000,     3.75000,     10.1440,    0.833000   
      1.00000,     60.0000,     4.00000,     10.1440,    0.830600   
      1.00000,     60.0000,     4.25000,     10.1440,    0.828500   
      1.00000,     60.0000,     4.50000,     10.1440,    0.824200   
      1.00000,     60.0000,     4.75000,     10.1440,    0.820100   
      1.00000,     60.0000,     5.00000,     10.1440,    0.816300   
      1.00000,     60.0000,     5.25000,     10.1440,    0.812800   
      1.00000,     60.0000,     5.50000,     10.1440,    0.809400   
      1.00000,     60.0000,     5.75000,     10.1440,    0.806300   
      1.00000,     60.0000,     6.00000,     10.1440,    0.802600   
      1.00000,     60.0000,     6.25000,     10.1440,    0.799200   
      1.00000,     60.0000,     6.50000,     10.1440,    0.795900   
      1.00000,     60.0000,     6.75000,     10.1440,    0.792800   
      1.00000,     60.0000,     7.00000,     10.1440,    0.789900   
      1.00000,     60.0000,     7.25000,     10.1440,    0.787200   
      1.00000,     60.0000,     7.50000,     10.1440,    0.784600   
      1.00000,     60.0000,     8.00000,     10.1440,    0.779800  ];   
HPT(:,2,:,1)=[       1.00000,     70.0000,     3.00000,     10.1440,    0.880100   
      1.00000,     70.0000,     3.25000,     10.1440,    0.876700   
      1.00000,     70.0000,     3.50000,     10.1440,    0.874300   
      1.00000,     70.0000,     3.75000,     10.1440,    0.872300   
      1.00000,     70.0000,     4.00000,     10.1440,    0.869800   
      1.00000,     70.0000,     4.25000,     10.1440,    0.865900   
      1.00000,     70.0000,     4.50000,     10.1440,    0.862200   
      1.00000,     70.0000,     4.75000,     10.1440,    0.858900   
      1.00000,     70.0000,     5.00000,     10.1440,    0.855700   
      1.00000,     70.0000,     5.25000,     10.1440,    0.852000   
      1.00000,     70.0000,     5.50000,     10.1440,    0.848000   
      1.00000,     70.0000,     5.75000,     10.1440,    0.844300   
      1.00000,     70.0000,     6.00000,     10.1440,    0.840800   
      1.00000,     70.0000,     6.25000,     10.1440,    0.837600   
      1.00000,     70.0000,     6.50000,     10.1440,    0.834500   
      1.00000,     70.0000,     6.75000,     10.1440,    0.831600   
      1.00000,     70.0000,     7.00000,     10.1440,    0.828800   
      1.00000,     70.0000,     7.25000,     10.1440,    0.826200   
      1.00000,     70.0000,     7.50000,     10.1440,    0.823300   
      1.00000,     70.0000,     8.00000,     10.1440,    0.817800  ];   
HPT(:,3,:,1)=[       1.00000,     80.0000,     3.00000,     10.1440,    0.903200   
      1.00000,     80.0000,     3.25000,     10.1440,    0.901300   
      1.00000,     80.0000,     3.50000,     10.1440,    0.899700   
      1.00000,     80.0000,     3.75000,     10.1440,    0.898200   
      1.00000,     80.0000,     4.00000,     10.1440,    0.895000   
      1.00000,     80.0000,     4.25000,     10.1440,    0.892000   
      1.00000,     80.0000,     4.50000,     10.1440,    0.889200   
      1.00000,     80.0000,     4.75000,     10.1440,    0.886600   
      1.00000,     80.0000,     5.00000,     10.1440,    0.882300   
      1.00000,     80.0000,     5.25000,     10.1440,    0.878400   
      1.00000,     80.0000,     5.50000,     10.1440,    0.874700   
      1.00000,     80.0000,     5.75000,     10.1440,    0.871300   
      1.00000,     80.0000,     6.00000,     10.1440,    0.868000   
      1.00000,     80.0000,     6.25000,     10.1440,    0.865000   
      1.00000,     80.0000,     6.50000,     10.1440,    0.862100   
      1.00000,     80.0000,     6.75000,     10.1440,    0.858900   
      1.00000,     80.0000,     7.00000,     10.1440,    0.855700   
      1.00000,     80.0000,     7.25000,     10.1440,    0.852700   
      1.00000,     80.0000,     7.50000,     10.1440,    0.849900   
      1.00000,     80.0000,     8.00000,     10.1440,    0.844600  ];   
HPT(:,4,:,1)=[       1.00000,     90.0000,     3.00000,     10.1440,    0.917700   
      1.00000,     90.0000,     3.25000,     10.1440,    0.916500   
      1.00000,     90.0000,     3.50000,     10.1440,    0.915500   
      1.00000,     90.0000,     3.75000,     10.1440,    0.914000   
      1.00000,     90.0000,     4.00000,     10.1440,    0.911800   
      1.00000,     90.0000,     4.25000,     10.1440,    0.909700   
      1.00000,     90.0000,     4.50000,     10.1440,    0.907700   
      1.00000,     90.0000,     4.75000,     10.1440,    0.904100   
      1.00000,     90.0000,     5.00000,     10.1440,    0.900200   
      1.00000,     90.0000,     5.25000,     10.1440,    0.896600   
      1.00000,     90.0000,     5.50000,     10.1440,    0.893300   
      1.00000,     90.0000,     5.75000,     10.1440,    0.890100   
      1.00000,     90.0000,     6.00000,     10.1440,    0.887100   
      1.00000,     90.0000,     6.25000,     10.1440,    0.884000   
      1.00000,     90.0000,     6.50000,     10.1440,    0.880600   
      1.00000,     90.0000,     6.75000,     10.1440,    0.877400   
      1.00000,     90.0000,     7.00000,     10.1440,    0.874300   
      1.00000,     90.0000,     7.25000,     10.1440,    0.871400   
      1.00000,     90.0000,     7.50000,     10.1440,    0.868700   
      1.00000,     90.0000,     8.00000,     10.1440,    0.863500  ];   
HPT(:,5,:,1)=[       1.00000,     100.000,     3.00000,     10.1440,    0.925300   
      1.00000,     100.000,     3.25000,     10.1440,    0.924800   
      1.00000,     100.000,     3.50000,     10.1440,    0.924400   
      1.00000,     100.000,     3.75000,     10.1440,    0.923500   
      1.00000,     100.000,     4.00000,     10.1440,    0.922200   
      1.00000,     100.000,     4.25000,     10.1440,    0.921000   
      1.00000,     100.000,     4.50000,     10.1440,    0.919100   
      1.00000,     100.000,     4.75000,     10.1440,    0.915400   
      1.00000,     100.000,     5.00000,     10.1440,    0.912000   
      1.00000,     100.000,     5.25000,     10.1440,    0.908700   
      1.00000,     100.000,     5.50000,     10.1440,    0.905700   
      1.00000,     100.000,     5.75000,     10.1440,    0.902800   
      1.00000,     100.000,     6.00000,     10.1440,    0.899800   
      1.00000,     100.000,     6.25000,     10.1440,    0.896300   
      1.00000,     100.000,     6.50000,     10.1440,    0.893100   
      1.00000,     100.000,     6.75000,     10.1440,    0.890000   
      1.00000,     100.000,     7.00000,     10.1440,    0.887100   
      1.00000,     100.000,     7.25000,     10.1440,    0.884300   
      1.00000,     100.000,     7.50000,     10.1440,    0.881600   
      1.00000,     100.000,     8.00000,     10.1440,    0.876700  ];   
