%mapname = 'Fan'
%maptype = 'RLINE'

%        alpha        speed        Rline        Wcorr           PR          eff  
%mapdata=[ 
%alpha[
Fan(:,1,:,1)=[      0.000000,    0.300000,     1.00000,     100.209,     1.02430,    0.658700   
     0.000000,    0.300000,     1.20000,     136.685,     1.02550,    0.751600   
     0.000000,    0.300000,     1.40000,     172.439,     1.02580,    0.832400   
     0.000000,    0.300000,     1.60000,     207.289,     1.02510,    0.897200   
     0.000000,    0.300000,     1.80000,     241.066,     1.02350,    0.940500   
     0.000000,    0.300000,     2.00000,     273.611,     1.02100,    0.953400   
     0.000000,    0.300000,     2.20000,     304.781,     1.01760,    0.924800   
     0.000000,    0.300000,     2.40000,     334.445,     1.01340,    0.835000   
     0.000000,    0.300000,     2.60000,     362.490,     1.00850,    0.643200   
     0.000000,    0.300000,     2.80000,     388.820,     1.00270,    0.261200   
     0.000000,    0.300000,     3.00000,     395.537,     1.00000,    0.000000 ];  
Fan(:,2,:,1)=[      0.000000,    0.400000,     1.00000,     164.610,     1.04410,    0.698400   
     0.000000,    0.400000,     1.20000,     207.501,     1.04570,    0.781900   
     0.000000,    0.400000,     1.40000,     248.882,     1.04590,    0.853900   
     0.000000,    0.400000,     1.60000,     288.478,     1.04470,    0.911100   
     0.000000,    0.400000,     1.80000,     326.046,     1.04210,    0.949000   
     0.000000,    0.400000,     2.00000,     361.371,     1.03800,    0.960600   
     0.000000,    0.400000,     2.20000,     394.271,     1.03270,    0.937500   
     0.000000,    0.400000,     2.40000,     424.600,     1.02610,    0.866400   
     0.000000,    0.400000,     2.60000,     452.246,     1.01830,    0.720700   
     0.000000,    0.400000,     2.80000,     477.133,     1.00930,    0.450200   
     0.000000,    0.400000,     3.00000,     496.565,     1.00000,-5.55112e-017 ];  
Fan(:,3,:,1)=[      0.000000,    0.500000,     1.00000,     226.658,     1.06870,    0.701000   
     0.000000,    0.500000,     1.20000,     276.806,     1.07150,    0.784900   
     0.000000,    0.500000,     1.40000,     324.203,     1.07210,    0.857100   
     0.000000,    0.500000,     1.60000,     368.455,     1.07050,    0.914400   
     0.000000,    0.500000,     1.80000,     409.234,     1.06660,    0.952200   
     0.000000,    0.500000,     2.00000,     446.280,     1.06060,    0.964000   
     0.000000,    0.500000,     2.20000,     479.407,     1.05250,    0.942400   
     0.000000,    0.500000,     2.40000,     508.496,     1.04250,    0.875400   
     0.000000,    0.500000,     2.60000,     533.497,     1.03070,    0.740400   
     0.000000,    0.500000,     2.80000,     554.425,     1.01710,    0.496700   
     0.000000,    0.500000,     3.00000,     571.351,     1.00170,   0.0628000 ];  
Fan(:,4,:,1)=[      0.000000,    0.600000,     1.00000,     275.983,     1.09410,    0.652700   
     0.000000,    0.600000,     1.20000,     337.151,     1.10090,    0.752100   
     0.000000,    0.600000,     1.40000,     393.447,     1.10380,    0.837700   
     0.000000,    0.600000,     1.60000,     444.255,     1.10280,    0.905800   
     0.000000,    0.600000,     1.80000,     489.121,     1.09790,    0.951000   
     0.000000,    0.600000,     2.00000,     527.754,     1.08920,    0.965900   
     0.000000,    0.600000,     2.20000,     560.024,     1.07690,    0.941300   
     0.000000,    0.600000,     2.40000,     585.948,     1.06140,    0.863300   
     0.000000,    0.600000,     2.60000,     605.679,     1.04260,    0.705000   
     0.000000,    0.600000,     2.80000,     619.484,     1.02090,    0.417700   
     0.000000,    0.600000,     3.00000,     626.773,     1.00000,5.55112e-017 ];  
Fan(:,5,:,1)=[      0.000000,    0.700000,     1.00000,     311.667,     1.11430,    0.561900   
     0.000000,    0.700000,     1.20000,     388.806,     1.13050,    0.689100   
     0.000000,    0.700000,     1.40000,     457.515,     1.13970,    0.799300   
     0.000000,    0.700000,     1.60000,     516.779,     1.14180,    0.887400   
     0.000000,    0.700000,     1.80000,     565.985,     1.13670,    0.946700   
     0.000000,    0.700000,     2.00000,     604.916,     1.12450,    0.966900   
     0.000000,    0.700000,     2.20000,     633.714,     1.10570,    0.935900   
     0.000000,    0.700000,     2.40000,     652.823,     1.08110,    0.834100   
     0.000000,    0.700000,     2.60000,     662.936,     1.05080,    0.623300   
     0.000000,    0.700000,     2.80000,     665.134,     1.01530,    0.231400   
     0.000000,    0.700000,     3.00000,     665.134,     1.00000,    0.000000 ];  
Fan(:,6,:,1)=[      0.000000,    0.750000,     1.00000,     326.391,     1.12360,    0.517300   
     0.000000,    0.750000,     1.20000,     413.325,     1.14660,    0.658200   
     0.000000,    0.750000,     1.40000,     489.527,     1.16060,    0.780300   
     0.000000,    0.750000,     1.60000,     553.710,     1.16530,    0.878100   
     0.000000,    0.750000,     1.80000,     605.192,     1.16050,    0.944000   
     0.000000,    0.750000,     2.00000,     643.870,     1.14630,    0.966800   
     0.000000,    0.750000,     2.20000,     670.146,     1.12360,    0.932800   
     0.000000,    0.750000,     2.40000,     684.839,     1.09320,    0.820100   
     0.000000,    0.750000,     2.60000,     689.085,     1.05560,    0.585600   
     0.000000,    0.750000,     2.80000,     689.085,     1.01130,    0.147700   
     0.000000,    0.750000,     3.00000,     689.085,     1.00000,    0.000000 ];  
Fan(:,7,:,1)=[      0.000000,    0.800000,     1.00000,     339.193,     1.13340,    0.484000   
     0.000000,    0.800000,     1.20000,     436.717,     1.16360,    0.635200   
     0.000000,    0.800000,     1.40000,     520.776,     1.18270,    0.766100   
     0.000000,    0.800000,     1.60000,     589.758,     1.19010,    0.871100   
     0.000000,    0.800000,     1.80000,     642.945,     1.18580,    0.941900   
     0.000000,    0.800000,     2.00000,     680.443,     1.16970,    0.966500   
     0.000000,    0.800000,     2.20000,     703.055,     1.14300,    0.930400   
     0.000000,    0.800000,     2.40000,     712.117,     1.10670,    0.810300   
     0.000000,    0.800000,     2.60000,     712.459,     1.06150,    0.560600   
     0.000000,    0.800000,     2.80000,     712.459,     1.00840,   0.0949000   
     0.000000,    0.800000,     3.00000,     712.459,     1.00000,    0.000000 ];  
Fan(:,8,:,1)=[      0.000000,    0.850000,     1.00000,     370.022,     1.15700,    0.505800   
     0.000000,    0.850000,     1.20000,     473.026,     1.18970,    0.650900   
     0.000000,    0.850000,     1.40000,     560.211,     1.21030,    0.775900   
     0.000000,    0.850000,     1.60000,     629.923,     1.21840,    0.875500   
     0.000000,    0.850000,     1.80000,     681.614,     1.21360,    0.942100   
     0.000000,    0.850000,     2.00000,     715.720,     1.19630,    0.964900   
     0.000000,    0.850000,     2.20000,     733.475,     1.16730,    0.931600   
     0.000000,    0.850000,     2.40000,     737.136,     1.12810,    0.822800   
     0.000000,    0.850000,     2.60000,     737.136,     1.07940,    0.602000   
     0.000000,    0.850000,     2.80000,     737.136,     1.02210,    0.204300   
     0.000000,    0.850000,     3.00000,     737.136,     1.00000,    0.000000 ];  
