%mapname = 'HPC'
%maptype = 'RLINE'

%        alpha        speed        Rline        Wcorr           PR          eff  
%mapdata=[ 
%alpha[
HPC(:,1,:,1)=[      0.000000,    0.500000,     1.00000,     5.37600,     2.14030,    0.679200   
     0.000000,    0.500000,     1.20000,     5.76500,     2.09260,    0.699100   
     0.000000,    0.500000,     1.40000,     6.10400,     2.02800,    0.712200   
     0.000000,    0.500000,     1.60000,     6.39000,     1.94770,    0.716800   
     0.000000,    0.500000,     1.80000,     6.62500,     1.85320,    0.711000   
     0.000000,    0.500000,     2.00000,     6.81000,     1.74620,    0.692000   
     0.000000,    0.500000,     2.20000,     6.94700,     1.62220,    0.650600   
     0.000000,    0.500000,     2.40000,     7.03800,     1.47870,    0.573400   
     0.000000,    0.500000,     2.60000,     7.08600,     1.32050,    0.447800   
     0.000000,    0.500000,     2.80000,     7.09500,     1.15300,    0.254700   
     0.000000,    0.500000,     3.00000,     7.09500,     1.00000,    0.000000 ];  
HPC(:,2,:,1)=[      0.000000,    0.600000,     1.00000,     7.51000,     2.95710,    0.698200   
     0.000000,    0.600000,     1.20000,     7.94800,     2.87360,    0.715400   
     0.000000,    0.600000,     1.40000,     8.31800,     2.76450,    0.726600   
     0.000000,    0.600000,     1.60000,     8.62200,     2.63210,    0.730600   
     0.000000,    0.600000,     1.80000,     8.86100,     2.47900,    0.725900   
     0.000000,    0.600000,     2.00000,     9.03800,     2.30830,    0.710600   
     0.000000,    0.600000,     2.20000,     9.15500,     2.11410,    0.677700   
     0.000000,    0.600000,     2.40000,     9.21700,     1.89340,    0.617800   
     0.000000,    0.600000,     2.60000,     9.23000,     1.65470,    0.523100   
     0.000000,    0.600000,     2.80000,     9.23000,     1.40720,    0.382800   
     0.000000,    0.600000,     3.00000,     9.23000,     1.16020,    0.180800 ];  
HPC(:,3,:,1)=[      0.000000,    0.700000,     1.00000,     10.7640,     4.21160,    0.722300   
     0.000000,    0.700000,     1.20000,     11.2250,     4.07470,    0.737300   
     0.000000,    0.700000,     1.40000,     11.6120,     3.90110,    0.747200   
     0.000000,    0.700000,     1.60000,     11.9270,     3.69420,    0.751000   
     0.000000,    0.700000,     1.80000,     12.1710,     3.45860,    0.747600   
     0.000000,    0.700000,     2.00000,     12.3490,     3.19920,    0.735900   
     0.000000,    0.700000,     2.20000,     12.4620,     2.90780,    0.710300   
     0.000000,    0.700000,     2.40000,     12.5160,     2.58080,    0.664100   
     0.000000,    0.700000,     2.60000,     12.5220,     2.23130,    0.592600   
     0.000000,    0.700000,     2.80000,     12.5220,     1.87320,    0.489400   
     0.000000,    0.700000,     3.00000,     12.5220,     1.52040,    0.345800 ];  
HPC(:,4,:,1)=[      0.000000,    0.750000,     1.00000,     13.2270,     5.24840,    0.734800   
     0.000000,    0.750000,     1.20000,     13.7400,     5.07840,    0.750800   
     0.000000,    0.750000,     1.40000,     14.1680,     4.85790,    0.761700   
     0.000000,    0.750000,     1.60000,     14.5130,     4.59200,    0.766700   
     0.000000,    0.750000,     1.80000,     14.7780,     4.28690,    0.764800   
     0.000000,    0.750000,     2.00000,     14.9660,     3.94950,    0.754900   
     0.000000,    0.750000,     2.20000,     15.0820,     3.56940,    0.731800   
     0.000000,    0.750000,     2.40000,     15.1290,     3.14240,    0.689200   
     0.000000,    0.750000,     2.60000,     15.1310,     2.68730,    0.622900   
     0.000000,    0.750000,     2.80000,     15.1310,     2.22370,    0.527400   
     0.000000,    0.750000,     3.00000,     15.1310,     1.77120,    0.395400 ];  
HPC(:,5,:,1)=[      0.000000,    0.800000,     1.00000,     16.4780,     6.62550,    0.751800   
     0.000000,    0.800000,     1.20000,     17.0440,     6.41370,    0.768400   
     0.000000,    0.800000,     1.40000,     17.5130,     6.13430,    0.780200   
     0.000000,    0.800000,     1.60000,     17.8880,     5.79400,    0.786200   
     0.000000,    0.800000,     1.80000,     18.1720,     5.40130,    0.785800   
     0.000000,    0.800000,     2.00000,     18.3690,     4.96550,    0.777700   
     0.000000,    0.800000,     2.20000,     18.4850,     4.47320,    0.757400   
     0.000000,    0.800000,     2.40000,     18.5230,     3.91940,    0.718800   
     0.000000,    0.800000,     2.60000,     18.5230,     3.32980,    0.658500   
     0.000000,    0.800000,     2.80000,     18.5230,     2.73110,    0.571700   
     0.000000,    0.800000,     3.00000,     18.5230,     2.15010,    0.452500 ];  
HPC(:,6,:,1)=[      0.000000,    0.850000,     1.00000,     21.5280,     8.87340,    0.774700   
     0.000000,    0.850000,     1.20000,     22.2400,     8.61830,    0.794100   
     0.000000,    0.850000,     1.40000,     22.8250,     8.25830,    0.808400   
     0.000000,    0.850000,     1.60000,     23.2880,     7.80330,    0.817000   
     0.000000,    0.850000,     1.80000,     23.6340,     7.26590,    0.819000   
     0.000000,    0.850000,     2.00000,     23.8680,     6.66090,    0.813300   
     0.000000,    0.850000,     2.20000,     23.9970,     5.96830,    0.795300   
     0.000000,    0.850000,     2.40000,     24.0280,     5.18260,    0.759000   
     0.000000,    0.850000,     2.60000,     24.0280,     4.34480,    0.701000   
     0.000000,    0.850000,     2.80000,     24.0280,     3.49800,    0.616900   
     0.000000,    0.850000,     3.00000,     24.0280,     2.68460,    0.501100 ];  
HPC(:,7,:,1)=[      0.000000,    0.900000,     1.00000,     28.5390,     12.2439,    0.794000   
     0.000000,    0.900000,     1.20000,     29.5230,     11.9735,    0.818100   
     0.000000,    0.900000,     1.40000,     30.3250,     11.5205,    0.836700   
     0.000000,    0.900000,     1.60000,     30.9510,     10.9003,    0.849100   
     0.000000,    0.900000,     1.80000,     31.4080,     10.1338,    0.854200   
     0.000000,    0.900000,     2.00000,     31.7040,     9.24690,    0.851000   
     0.000000,    0.900000,     2.20000,     31.8500,     8.20790,    0.834100   
     0.000000,    0.900000,     2.40000,     31.8700,     7.01240,    0.797000   
     0.000000,    0.900000,     2.60000,     31.8700,     5.73630,    0.736000   
     0.000000,    0.900000,     2.80000,     31.8700,     4.45950,    0.646100   
     0.000000,    0.900000,     3.00000,     31.8700,     3.25900,    0.521400 ];  
HPC(:,8,:,1)=[      0.000000,    0.925000,     1.00000,     33.5020,     14.7434,    0.799900   
     0.000000,    0.925000,     1.20000,     34.6580,     14.4801,    0.825600   
     0.000000,    0.925000,     1.40000,     35.5970,     13.9763,    0.845700   
     0.000000,    0.925000,     1.60000,     36.3250,     13.2503,    0.859300   
     0.000000,    0.925000,     1.80000,     36.8500,     12.3287,    0.865500   
     0.000000,    0.925000,     2.00000,     37.1840,     11.2449,    0.863300   
     0.000000,    0.925000,     2.20000,     37.3390,     9.95810,    0.847100   
     0.000000,    0.925000,     2.40000,     37.3540,     8.46420,    0.810500   
     0.000000,    0.925000,     2.60000,     37.3540,     6.86550,    0.749700   
     0.000000,    0.925000,     2.80000,     37.3540,     5.26950,    0.660200   
     0.000000,    0.925000,     3.00000,     37.3540,     3.77980,    0.536000 ];  
