%mapname = 'LPC'
%maptype = 'RLINE'

%        alpha        speed        Rline        Wcorr           PR          eff  
%mapdata=[ 
%alpha[
LPC(:,1,:,1)=[      0.000000,    0.300000,     1.00000,     17.1200,     1.08370,    0.815000   
     0.000000,    0.300000,     1.20000,     18.4050,     1.08000,    0.832100   
     0.000000,    0.300000,     1.40000,     19.6700,     1.07560,    0.844700   
     0.000000,    0.300000,     1.60000,     20.9120,     1.07060,    0.851600   
     0.000000,    0.300000,     1.80000,     22.1310,     1.06490,    0.851400   
     0.000000,    0.300000,     2.00000,     23.3250,     1.05870,    0.842200   
     0.000000,    0.300000,     2.20000,     24.4940,     1.05180,    0.821000   
     0.000000,    0.300000,     2.40000,     25.6360,     1.04430,    0.783600   
     0.000000,    0.300000,     2.60000,     26.7500,     1.03620,    0.723800   
     0.000000,    0.300000,     2.80000,     27.8350,     1.02740,    0.631800   
     0.000000,    0.300000,     3.00000,     28.8910,     1.01810,    0.490900 ];  
LPC(:,2,:,1)=[      0.000000,    0.400000,     1.00000,     23.7010,     1.15370,    0.828200   
     0.000000,    0.400000,     1.20000,     25.3330,     1.14690,    0.846200   
     0.000000,    0.400000,     1.40000,     26.9170,     1.13900,    0.859800   
     0.000000,    0.400000,     1.60000,     28.4520,     1.12990,    0.867900   
     0.000000,    0.400000,     1.80000,     29.9340,     1.11970,    0.869200   
     0.000000,    0.400000,     2.00000,     31.3630,     1.10840,    0.861800   
     0.000000,    0.400000,     2.20000,     32.7360,     1.09610,    0.843000   
     0.000000,    0.400000,     2.40000,     34.0510,     1.08260,    0.808800   
     0.000000,    0.400000,     2.60000,     35.3080,     1.06810,    0.753400   
     0.000000,    0.400000,     2.80000,     36.5050,     1.05260,    0.667900   
     0.000000,    0.400000,     3.00000,     37.6410,     1.03600,    0.537200 ];  
LPC(:,3,:,1)=[      0.000000,    0.500000,     1.00000,     31.0360,     1.24860,    0.844000   
     0.000000,    0.500000,     1.20000,     32.8940,     1.23780,    0.862100   
     0.000000,    0.500000,     1.40000,     34.6670,     1.22510,    0.876000   
     0.000000,    0.500000,     1.60000,     36.3530,     1.21070,    0.884800   
     0.000000,    0.500000,     1.80000,     37.9480,     1.19470,    0.887300   
     0.000000,    0.500000,     2.00000,     39.4520,     1.17690,    0.881700   
     0.000000,    0.500000,     2.20000,     40.8620,     1.15760,    0.865600   
     0.000000,    0.500000,     2.40000,     42.1760,     1.13670,    0.835600   
     0.000000,    0.500000,     2.60000,     43.3960,     1.11430,    0.786800   
     0.000000,    0.500000,     2.80000,     44.5190,     1.09050,    0.711600   
     0.000000,    0.500000,     3.00000,     45.5470,     1.06530,    0.597700 ];  
LPC(:,4,:,1)=[      0.000000,    0.600000,     1.00000,     39.0920,     1.37790,    0.856700   
     0.000000,    0.600000,     1.20000,     41.1280,     1.36180,    0.875700   
     0.000000,    0.600000,     1.40000,     43.0280,     1.34290,    0.890700   
     0.000000,    0.600000,     1.60000,     44.7870,     1.32150,    0.900600   
     0.000000,    0.600000,     1.80000,     46.4040,     1.29750,    0.904400   
     0.000000,    0.600000,     2.00000,     47.8790,     1.27110,    0.900500   
     0.000000,    0.600000,     2.20000,     49.2110,     1.24240,    0.886700   
     0.000000,    0.600000,     2.40000,     50.4010,     1.21150,    0.859800   
     0.000000,    0.600000,     2.60000,     51.4500,     1.17840,    0.815400   
     0.000000,    0.600000,     2.80000,     52.3610,     1.14340,    0.746800   
     0.000000,    0.600000,     3.00000,     53.1360,     1.10660,    0.643400 ];  
LPC(:,5,:,1)=[      0.000000,    0.700000,     1.00000,     47.9740,     1.55690,    0.862000   
     0.000000,    0.700000,     1.20000,     50.1800,     1.53440,    0.883200   
     0.000000,    0.700000,     1.40000,     52.1700,     1.50760,    0.900100   
     0.000000,    0.700000,     1.60000,     53.9430,     1.47660,    0.911900   
     0.000000,    0.700000,     1.80000,     55.5000,     1.44160,    0.917300   
     0.000000,    0.700000,     2.00000,     56.8440,     1.40290,    0.914900   
     0.000000,    0.700000,     2.20000,     57.9790,     1.36070,    0.902500   
     0.000000,    0.700000,     2.40000,     58.9100,     1.31510,    0.876800   
     0.000000,    0.700000,     2.60000,     59.6440,     1.26650,    0.833600   
     0.000000,    0.700000,     2.80000,     60.1880,     1.21510,    0.766600   
     0.000000,    0.700000,     3.00000,     60.5500,     1.16140,    0.665800 ];  
LPC(:,6,:,1)=[      0.000000,    0.750000,     1.00000,     52.9810,     1.67190,    0.862800   
     0.000000,    0.750000,     1.20000,     55.2330,     1.64590,    0.885200   
     0.000000,    0.750000,     1.40000,     57.2190,     1.61440,    0.903200   
     0.000000,    0.750000,     1.60000,     58.9420,     1.57760,    0.915900   
     0.000000,    0.750000,     1.80000,     60.4040,     1.53570,    0.922100   
     0.000000,    0.750000,     2.00000,     61.6130,     1.48920,    0.920400   
     0.000000,    0.750000,     2.20000,     62.5740,     1.43830,    0.908400   
     0.000000,    0.750000,     2.40000,     63.2980,     1.38330,    0.883200   
     0.000000,    0.750000,     2.60000,     63.7960,     1.32460,    0.840500   
     0.000000,    0.750000,     2.80000,     64.0780,     1.26260,    0.774100   
     0.000000,    0.750000,     3.00000,     64.1580,     1.19800,    0.674500 ];  
LPC(:,7,:,1)=[      0.000000,    0.800000,     1.00000,     58.1040,     1.80960,    0.861200   
     0.000000,    0.800000,     1.20000,     60.4180,     1.77980,    0.885200   
     0.000000,    0.800000,     1.40000,     62.4030,     1.74270,    0.904600   
     0.000000,    0.800000,     1.60000,     64.0620,     1.69880,    0.918500   
     0.000000,    0.800000,     1.80000,     65.4050,     1.64840,    0.925700   
     0.000000,    0.800000,     2.00000,     66.4420,     1.59200,    0.924500   
     0.000000,    0.800000,     2.20000,     67.1870,     1.53000,    0.912800   
     0.000000,    0.800000,     2.40000,     67.6530,     1.46280,    0.887300   
     0.000000,    0.800000,     2.60000,     67.8580,     1.39120,    0.843800   
     0.000000,    0.800000,     2.80000,     67.8710,     1.31570,    0.776000   
     0.000000,    0.800000,     3.00000,     67.8710,     1.23710,    0.674400 ];  
LPC(:,8,:,1)=[      0.000000,    0.850000,     1.00000,     63.6680,     1.96530,    0.871800   
     0.000000,    0.850000,     1.20000,     65.9160,     1.93140,    0.893300   
     0.000000,    0.850000,     1.40000,     67.8290,     1.88980,    0.910500   
     0.000000,    0.850000,     1.60000,     69.4130,     1.84080,    0.922800   
     0.000000,    0.850000,     1.80000,     70.6770,     1.78510,    0.929100   
     0.000000,    0.850000,     2.00000,     71.6330,     1.72290,    0.928200   
     0.000000,    0.850000,     2.20000,     72.2950,     1.65490,    0.918400   
     0.000000,    0.850000,     2.40000,     72.6780,     1.58150,    0.897300   
     0.000000,    0.850000,     2.60000,     72.8000,     1.50340,    0.862000   
     0.000000,    0.850000,     2.80000,     72.8000,     1.42130,    0.808400   
     0.000000,    0.850000,     3.00000,     72.8000,     1.33600,    0.730600 ];  
