%mapname = 'Fan'
%maptype = 'RLINE'

%        alpha        speed        Rline        Wcorr           PR          eff  
%mapdata=[ 
%alpha[
Fan(:,1,:,1)=[      0.000000,    0.300000,     1.00000,     125.292,     1.02540,    0.721100   
     0.000000,    0.300000,     1.20000,     156.380,     1.02600,    0.795000   
     0.000000,    0.300000,     1.40000,     186.856,     1.02580,    0.858400   
     0.000000,    0.300000,     1.60000,     216.606,     1.02500,    0.908400   
     0.000000,    0.300000,     1.80000,     245.525,     1.02340,    0.940900   
     0.000000,    0.300000,     2.00000,     273.512,     1.02120,    0.949600   
     0.000000,    0.300000,     2.20000,     300.476,     1.01830,    0.927300   
     0.000000,    0.300000,     2.40000,     326.332,     1.01480,    0.862200   
     0.000000,    0.300000,     2.60000,     351.006,     1.01060,    0.731400   
     0.000000,    0.300000,     2.80000,     374.431,     1.00590,    0.492900   
     0.000000,    0.300000,     3.00000,     396.552,     1.00050,   0.0584000 ];  
Fan(:,2,:,1)=[      0.000000,    0.400000,     1.00000,     198.895,     1.04600,    0.763200   
     0.000000,    0.400000,     1.20000,     234.041,     1.04650,    0.826500   
     0.000000,    0.400000,     1.40000,     267.996,     1.04600,    0.880400   
     0.000000,    0.400000,     1.60000,     300.605,     1.04450,    0.922400   
     0.000000,    0.400000,     1.80000,     331.730,     1.04190,    0.949300   
     0.000000,    0.400000,     2.00000,     361.249,     1.03840,    0.956700   
     0.000000,    0.400000,     2.20000,     389.057,     1.03390,    0.939600   
     0.000000,    0.400000,     2.40000,     415.063,     1.02850,    0.890500   
     0.000000,    0.400000,     2.60000,     439.198,     1.02230,    0.795700   
     0.000000,    0.400000,     2.80000,     461.406,     1.01520,    0.632700   
     0.000000,    0.400000,     3.00000,     481.652,     1.00720,    0.361000 ];  
Fan(:,3,:,1)=[      0.000000,    0.500000,     1.00000,     269.619,     1.07190,    0.770700   
     0.000000,    0.500000,     1.20000,     309.459,     1.07280,    0.832900   
     0.000000,    0.500000,     1.40000,     347.218,     1.07220,    0.885600   
     0.000000,    0.500000,     1.60000,     382.693,     1.07010,    0.926500   
     0.000000,    0.500000,     1.80000,     415.715,     1.06630,    0.952700   
     0.000000,    0.500000,     2.00000,     446.146,     1.06110,    0.960200   
     0.000000,    0.500000,     2.20000,     473.883,     1.05450,    0.944500   
     0.000000,    0.500000,     2.40000,     498.855,     1.04650,    0.899500   
     0.000000,    0.500000,     2.60000,     521.024,     1.03720,    0.813900   
     0.000000,    0.500000,     2.80000,     540.384,     1.02660,    0.670000   
     0.000000,    0.500000,     3.00000,     556.955,     1.01480,    0.437800 ];  
Fan(:,4,:,1)=[      0.000000,    0.600000,     1.00000,     332.257,     1.10150,    0.741800   
     0.000000,    0.600000,     1.20000,     378.935,     1.10440,    0.813700   
     0.000000,    0.600000,     1.40000,     422.053,     1.10480,    0.874600   
     0.000000,    0.600000,     1.60000,     461.331,     1.10250,    0.922100   
     0.000000,    0.600000,     1.80000,     496.564,     1.09750,    0.952800   
     0.000000,    0.600000,     2.00000,     527.619,     1.09000,    0.962000   
     0.000000,    0.600000,     2.20000,     554.431,     1.08010,    0.944900   
     0.000000,    0.600000,     2.40000,     577.005,     1.06790,    0.894500   
     0.000000,    0.600000,     2.60000,     595.404,     1.05360,    0.798100   
     0.000000,    0.600000,     2.80000,     609.747,     1.03710,    0.636100   
     0.000000,    0.600000,     3.00000,     620.199,     1.01860,    0.375400 ];  
Fan(:,5,:,1)=[      0.000000,    0.700000,     1.00000,     380.198,     1.13020,    0.672500   
     0.000000,    0.700000,     1.20000,     438.254,     1.13910,    0.766200   
     0.000000,    0.700000,     1.40000,     490.077,     1.14310,    0.846100   
     0.000000,    0.700000,     1.60000,     535.240,     1.14220,    0.908900   
     0.000000,    0.700000,     1.80000,     573.500,     1.13630,    0.949900   
     0.000000,    0.700000,     2.00000,     604.793,     1.12560,    0.963000   
     0.000000,    0.700000,     2.20000,     629.215,     1.11040,    0.941400   
     0.000000,    0.700000,     2.40000,     647.002,     1.09110,    0.874900   
     0.000000,    0.700000,     2.60000,     658.508,     1.06780,    0.745300   
     0.000000,    0.700000,     2.80000,     664.181,     1.04070,    0.523000   
     0.000000,    0.700000,     3.00000,     664.999,     1.01010,    0.156100 ];  
Fan(:,6,:,1)=[      0.000000,    0.750000,     1.00000,     406.221,     1.14640,    0.644200   
     0.000000,    0.750000,     1.20000,     470.136,     1.15930,    0.746800   
     0.000000,    0.750000,     1.40000,     526.206,     1.16600,    0.834300   
     0.000000,    0.750000,     1.60000,     573.943,     1.16630,    0.903200   
     0.000000,    0.750000,     1.80000,     613.122,     1.16010,    0.948300   
     0.000000,    0.750000,     2.00000,     643.770,     1.14770,    0.962900   
     0.000000,    0.750000,     2.20000,     666.132,     1.12950,    0.939600   
     0.000000,    0.750000,     2.40000,     680.637,     1.10600,    0.867300   
     0.000000,    0.750000,     2.60000,     687.860,     1.07740,    0.726200   
     0.000000,    0.750000,     2.80000,     688.978,     1.04410,    0.483800   
     0.000000,    0.750000,     3.00000,     688.978,     1.00630,   0.0835000 ];  
Fan(:,7,:,1)=[      0.000000,    0.800000,     1.00000,     428.616,     1.16300,    0.620000   
     0.000000,    0.800000,     1.20000,     499.439,     1.18050,    0.730200   
     0.000000,    0.800000,     1.40000,     560.402,     1.19010,    0.824200   
     0.000000,    0.800000,     1.60000,     610.936,     1.19180,    0.898200   
     0.000000,    0.800000,     1.80000,     650.866,     1.18560,    0.946700   
     0.000000,    0.800000,     2.00000,     680.364,     1.17140,    0.962600   
     0.000000,    0.800000,     2.20000,     699.904,     1.14990,    0.937900   
     0.000000,    0.800000,     2.40000,     710.197,     1.12190,    0.860900   
     0.000000,    0.800000,     2.60000,     712.377,     1.08760,    0.710400   
     0.000000,    0.800000,     2.80000,     712.377,     1.04760,    0.452000   
     0.000000,    0.800000,     3.00000,     712.377,     1.00230,   0.0259000 ];  
Fan(:,8,:,1)=[      0.000000,    0.850000,     1.00000,     463.634,     1.18890,    0.634900   
     0.000000,    0.850000,     1.20000,     537.654,     1.20790,    0.740600   
     0.000000,    0.850000,     1.40000,     600.155,     1.21850,    0.830400   
     0.000000,    0.850000,     1.60000,     650.616,     1.22040,    0.900500   
     0.000000,    0.850000,     1.80000,     688.995,     1.21360,    0.946300   
     0.000000,    0.850000,     2.00000,     715.667,     1.19820,    0.961000   
     0.000000,    0.850000,     2.20000,     731.350,     1.17490,    0.938000   
     0.000000,    0.850000,     2.40000,     737.020,     1.14450,    0.867500   
     0.000000,    0.850000,     2.60000,     737.081,     1.10740,    0.732000   
     0.000000,    0.850000,     2.80000,     737.081,     1.06400,    0.504600   
     0.000000,    0.850000,     3.00000,     737.081,     1.01510,    0.140600 ];  
