%                    %ADDERS AND SCALARS  Compressors     |  Turbines          
    %                          Fan         LPC         HPC        HPT       LPT
    wc_scalar =      [      2.4031      0.8084      0.7291,    0.4070    0.4919
    ]; pr_scalar =   [      1.0003      1.0003      1.0004,    1.5192    0.6528
    ]; ef_scalar =   [      1.0002      1.0003      1.0002,    0.9989    0.9889
    ]; %Nc_Des       [    0.000188    0.000199    0.000077,    0.0186    0.0437
    %effRe           [      1.0294      1.0220      1.0032,    1.0000    1.0000
    %WcRe            [      1.0294      1.0220      1.0032,    1.0000    1.0000
                                                                               
%                                                                              
    %                                                                          
    MaxThrust = 37463.20;                                                      
    MinThrust =  6506.38;                                                      





