output = [];
a.('Fn')=6700;a.('Wf')=0.427892;a.('Nf')=2440.49;a.('Nc')=11998.8;a.('EPR')=1.05012;a.('NCR25')=11561.5;a.('Ps30')=183.867;a.('FAR')=0.0195185;
output = [output a]; clear a; %thrust target: 6700
a.('Fn')=7170.7;a.('Wf')=0.470218;a.('Nf')=3083.24;a.('Nc')=12267.4;a.('EPR')=0.465876;a.('NCR25')=11435.4;a.('Ps30')=206.14;a.('FAR')=0.019206;
output = [output a]; clear a; %thrust target: 7170.7
a.('Fn')=7641.3;a.('Wf')=0.495755;a.('Nf')=3138.44;a.('Nc')=12333.2;a.('EPR')=0.481303;a.('NCR25')=11467.9;a.('Ps30')=214.533;a.('FAR')=0.0195977;
output = [output a]; clear a; %thrust target: 7641.3
a.('Fn')=8112;a.('Wf')=0.521346;a.('Nf')=3189.05;a.('Nc')=12395;a.('EPR')=0.496408;a.('NCR25')=11499.9;a.('Ps30')=222.758;a.('FAR')=0.0199872;
output = [output a]; clear a; %thrust target: 8112
a.('Fn')=8582.7;a.('Wf')=0.54708;a.('Nf')=3235.39;a.('Nc')=12453.8;a.('EPR')=0.511675;a.('NCR25')=11532.3;a.('Ps30')=230.878;a.('FAR')=0.0203718;
output = [output a]; clear a; %thrust target: 8582.7
a.('Fn')=9053.3;a.('Wf')=0.573038;a.('Nf')=3281.08;a.('Nc')=12511;a.('EPR')=0.527151;a.('NCR25')=11563.8;a.('Ps30')=238.978;a.('FAR')=0.020748;
output = [output a]; clear a; %thrust target: 9053.3
a.('Fn')=9524;a.('Wf')=0.595267;a.('Nf')=2971.88;a.('Nc')=12438.7;a.('EPR')=0.95344;a.('NCR25')=11752.1;a.('Ps30')=238.215;a.('FAR')=0.0218752;
output = [output a]; clear a; %thrust target: 9524
a.('Fn')=9994.7;a.('Wf')=0.625408;a.('Nf')=3370.39;a.('Nc')=12620.1;a.('EPR')=0.558893;a.('NCR25')=11624.5;a.('Ps30')=255.059;a.('FAR')=0.0214735;
output = [output a]; clear a; %thrust target: 9994.7
a.('Fn')=10465;a.('Wf')=0.651537;a.('Nf')=3413.91;a.('Nc')=12671.8;a.('EPR')=0.574748;a.('NCR25')=11653.3;a.('Ps30')=262.965;a.('FAR')=0.0218204;
output = [output a]; clear a; %thrust target: 10465
a.('Fn')=10936;a.('Wf')=0.677797;a.('Nf')=3456.71;a.('Nc')=12722.1;a.('EPR')=0.590963;a.('NCR25')=11681.5;a.('Ps30')=270.84;a.('FAR')=0.0221592;
output = [output a]; clear a; %thrust target: 10936
a.('Fn')=11407;a.('Wf')=0.704833;a.('Nf')=3498.48;a.('Nc')=12770.5;a.('EPR')=0.608075;a.('NCR25')=11708.9;a.('Ps30')=278.79;a.('FAR')=0.022508;
output = [output a]; clear a; %thrust target: 11407
a.('Fn')=11877;a.('Wf')=0.731986;a.('Nf')=3539;a.('Nc')=12817.4;a.('EPR')=0.625905;a.('NCR25')=11735.9;a.('Ps30')=286.682;a.('FAR')=0.0228514;
output = [output a]; clear a; %thrust target: 11877
a.('Fn')=12348;a.('Wf')=0.759339;a.('Nf')=3578.25;a.('Nc')=12863.3;a.('EPR')=0.645032;a.('NCR25')=11763.1;a.('Ps30')=294.568;a.('FAR')=0.0231881;
output = [output a]; clear a; %thrust target: 12348
a.('Fn')=12819;a.('Wf')=0.786997;a.('Nf')=3615.55;a.('Nc')=12909.9;a.('EPR')=0.66605;a.('NCR25')=11787.7;a.('Ps30')=302.59;a.('FAR')=0.0235093;
output = [output a]; clear a; %thrust target: 12819
a.('Fn')=13289;a.('Wf')=0.814521;a.('Nf')=3650.45;a.('Nc')=12954.6;a.('EPR')=0.688811;a.('NCR25')=11812.3;a.('Ps30')=310.476;a.('FAR')=0.0238247;
output = [output a]; clear a; %thrust target: 13289
a.('Fn')=13760;a.('Wf')=0.841918;a.('Nf')=3681.6;a.('Nc')=12996.9;a.('EPR')=0.715092;a.('NCR25')=11838.2;a.('Ps30')=318.187;a.('FAR')=0.0241382;
output = [output a]; clear a; %thrust target: 13760
a.('Fn')=14231;a.('Wf')=0.868692;a.('Nf')=3702.82;a.('Nc')=13034.1;a.('EPR')=0.749151;a.('NCR25')=11868.8;a.('Ps30')=325.43;a.('FAR')=0.0244586;
output = [output a]; clear a; %thrust target: 14231
a.('Fn')=14701;a.('Wf')=0.81056;a.('Nf')=3327.91;a.('Nc')=12854;a.('EPR')=1.0933;a.('NCR25')=12000.1;a.('Ps30')=300.302;a.('FAR')=0.0246531;
output = [output a]; clear a; %thrust target: 14701
a.('Fn')=15172;a.('Wf')=0.835562;a.('Nf')=3371.77;a.('Nc')=12896.6;a.('EPR')=1.09652;a.('NCR25')=12018.6;a.('Ps30')=307.304;a.('FAR')=0.0249404;
output = [output a]; clear a; %thrust target: 15172
a.('Fn')=15643;a.('Wf')=0.86064;a.('Nf')=3415.5;a.('Nc')=12938.4;a.('EPR')=1.0997;a.('NCR25')=12036.3;a.('Ps30')=314.294;a.('FAR')=0.0252216;
output = [output a]; clear a; %thrust target: 15643
a.('Fn')=16113;a.('Wf')=0.885788;a.('Nf')=3458.96;a.('Nc')=12979.3;a.('EPR')=1.10301;a.('NCR25')=12053.1;a.('Ps30')=321.246;a.('FAR')=0.0254997;
output = [output a]; clear a; %thrust target: 16113
a.('Fn')=16584;a.('Wf')=0.911177;a.('Nf')=3502.38;a.('Nc')=13019.4;a.('EPR')=1.10639;a.('NCR25')=12069.1;a.('Ps30')=328.198;a.('FAR')=0.0257779;
output = [output a]; clear a; %thrust target: 16584
a.('Fn')=17055;a.('Wf')=0.936716;a.('Nf')=3545.64;a.('Nc')=13058.5;a.('EPR')=1.10985;a.('NCR25')=12084.4;a.('Ps30')=335.14;a.('FAR')=0.026053;
output = [output a]; clear a; %thrust target: 17055
a.('Fn')=17525;a.('Wf')=0.962141;a.('Nf')=3588.72;a.('Nc')=13096.5;a.('EPR')=1.11326;a.('NCR25')=12098.2;a.('Ps30')=342.088;a.('FAR')=0.0263134;
output = [output a]; clear a; %thrust target: 17525
a.('Fn')=17996;a.('Wf')=0.987721;a.('Nf')=3631.72;a.('Nc')=13135.4;a.('EPR')=1.11686;a.('NCR25')=12108.6;a.('Ps30')=349.251;a.('FAR')=0.0265498;
output = [output a]; clear a; %thrust target: 17996
a.('Fn')=18467;a.('Wf')=1.0134;a.('Nf')=3674.6;a.('Nc')=13173.7;a.('EPR')=1.12051;a.('NCR25')=12118.4;a.('Ps30')=356.416;a.('FAR')=0.0267818;
output = [output a]; clear a; %thrust target: 18467
a.('Fn')=18937;a.('Wf')=1.03972;a.('Nf')=3713.62;a.('Nc')=13210.8;a.('EPR')=1.12424;a.('NCR25')=12130.9;a.('Ps30')=363.54;a.('FAR')=0.0270326;
output = [output a]; clear a; %thrust target: 18937
a.('Fn')=19408;a.('Wf')=1.06693;a.('Nf')=3751.88;a.('Nc')=13248.2;a.('EPR')=1.12809;a.('NCR25')=12144.5;a.('Ps30')=370.781;a.('FAR')=0.0272958;
output = [output a]; clear a; %thrust target: 19408
a.('Fn')=19879;a.('Wf')=1.09427;a.('Nf')=3790.11;a.('Nc')=13285.1;a.('EPR')=1.132;a.('NCR25')=12157.8;a.('Ps30')=378.029;a.('FAR')=0.0275542;
output = [output a]; clear a; %thrust target: 19879
a.('Fn')=20349;a.('Wf')=1.12167;a.('Nf')=3828.23;a.('Nc')=13321.2;a.('EPR')=1.13596;a.('NCR25')=12170.5;a.('Ps30')=385.259;a.('FAR')=0.0278084;
output = [output a]; clear a; %thrust target: 20349
a.('Fn')=20820;a.('Wf')=1.14923;a.('Nf')=3866.38;a.('Nc')=13357.4;a.('EPR')=1.14003;a.('NCR25')=12181.7;a.('Ps30')=392.583;a.('FAR')=0.0280513;
output = [output a]; clear a; %thrust target: 20820
a.('Fn')=21291;a.('Wf')=1.17713;a.('Nf')=3904.46;a.('Nc')=13393.6;a.('EPR')=1.14423;a.('NCR25')=12191.6;a.('Ps30')=400.012;a.('FAR')=0.0282882;
output = [output a]; clear a; %thrust target: 21291
a.('Fn')=21761;a.('Wf')=1.20512;a.('Nf')=3942.4;a.('Nc')=13429.2;a.('EPR')=1.14849;a.('NCR25')=12201.2;a.('Ps30')=407.435;a.('FAR')=0.0285216;
output = [output a]; clear a; %thrust target: 21761
a.('Fn')=22232;a.('Wf')=1.23316;a.('Nf')=3979.93;a.('Nc')=13464.1;a.('EPR')=1.15279;a.('NCR25')=12210.7;a.('Ps30')=414.838;a.('FAR')=0.0287513;
output = [output a]; clear a; %thrust target: 22232
a.('Fn')=22703;a.('Wf')=1.26122;a.('Nf')=4017.2;a.('Nc')=13498.4;a.('EPR')=1.15714;a.('NCR25')=12219.9;a.('Ps30')=422.221;a.('FAR')=0.0289766;
output = [output a]; clear a; %thrust target: 22703
a.('Fn')=23173;a.('Wf')=1.28934;a.('Nf')=4054.39;a.('Nc')=13532.2;a.('EPR')=1.16154;a.('NCR25')=12228.7;a.('Ps30')=429.59;a.('FAR')=0.0291984;
output = [output a]; clear a; %thrust target: 23173
a.('Fn')=23644;a.('Wf')=1.31768;a.('Nf')=4091.65;a.('Nc')=13565.5;a.('EPR')=1.16602;a.('NCR25')=12237.1;a.('Ps30')=436.982;a.('FAR')=0.0294187;
output = [output a]; clear a; %thrust target: 23644
a.('Fn')=24115;a.('Wf')=1.34609;a.('Nf')=4128.9;a.('Nc')=13598.7;a.('EPR')=1.17058;a.('NCR25')=12244.2;a.('Ps30')=444.449;a.('FAR')=0.0296286;
output = [output a]; clear a; %thrust target: 24115
a.('Fn')=24585;a.('Wf')=1.37455;a.('Nf')=4166.03;a.('Nc')=13631.7;a.('EPR')=1.17538;a.('NCR25')=12249.4;a.('Ps30')=452.033;a.('FAR')=0.0298237;
output = [output a]; clear a; %thrust target: 24585
a.('Fn')=25056;a.('Wf')=1.40313;a.('Nf')=4203.22;a.('Nc')=13664.3;a.('EPR')=1.18021;a.('NCR25')=12254.3;a.('Ps30')=459.636;a.('FAR')=0.0300156;
output = [output a]; clear a; %thrust target: 25056
