output = [];
a.('Fn')=10000;a.('Wf')=0.555528;a.('Nf')=2786.89;a.('Nc')=12322.6;a.('EPR')=1.06343;a.('NCR25')=11750.5;a.('Ps30')=224.242;a.('FAR')=0.0215226;
output = [output a]; clear a; %thrust target: 10000
a.('Fn')=11000;a.('Wf')=0.600429;a.('Nf')=2898.13;a.('Nc')=12424.8;a.('EPR')=1.06835;a.('NCR25')=11803.8;a.('Ps30')=237.968;a.('FAR')=0.0221515;
output = [output a]; clear a; %thrust target: 11000
a.('Fn')=12000;a.('Wf')=0.646138;a.('Nf')=3009.71;a.('Nc')=12524.1;a.('EPR')=1.07349;a.('NCR25')=11853.7;a.('Ps30')=251.767;a.('FAR')=0.0227533;
output = [output a]; clear a; %thrust target: 12000
a.('Fn')=13000;a.('Wf')=0.694212;a.('Nf')=3120.41;a.('Nc')=12625.3;a.('EPR')=1.0791;a.('NCR25')=11896.9;a.('Ps30')=266.24;a.('FAR')=0.0233356;
output = [output a]; clear a; %thrust target: 13000
a.('Fn')=14000;a.('Wf')=0.74359;a.('Nf')=3223.1;a.('Nc')=12724.4;a.('EPR')=1.08508;a.('NCR25')=11938.7;a.('Ps30')=280.929;a.('FAR')=0.0239008;
output = [output a]; clear a; %thrust target: 14000
a.('Fn')=15000;a.('Wf')=0.793559;a.('Nf')=3320.69;a.('Nc')=12819.7;a.('EPR')=1.09124;a.('NCR25')=11980.5;a.('Ps30')=295.552;a.('FAR')=0.0244499;
output = [output a]; clear a; %thrust target: 15000
a.('Fn')=16000;a.('Wf')=0.844286;a.('Nf')=3418.14;a.('Nc')=12910.9;a.('EPR')=1.09772;a.('NCR25')=12018.3;a.('Ps30')=310.187;a.('FAR')=0.0249888;
output = [output a]; clear a; %thrust target: 16000
a.('Fn')=17000;a.('Wf')=0.896035;a.('Nf')=3515.23;a.('Nc')=12996.7;a.('EPR')=1.10458;a.('NCR25')=12049.6;a.('Ps30')=324.695;a.('FAR')=0.0255443;
output = [output a]; clear a; %thrust target: 17000
a.('Fn')=18000;a.('Wf')=0.948303;a.('Nf')=3611.91;a.('Nc')=13079.6;a.('EPR')=1.11178;a.('NCR25')=12074.3;a.('Ps30')=339.365;a.('FAR')=0.0260637;
output = [output a]; clear a; %thrust target: 18000
a.('Fn')=19000;a.('Wf')=1.00339;a.('Nf')=3708.48;a.('Nc')=13164.4;a.('EPR')=1.11966;a.('NCR25')=12095.3;a.('Ps30')=354.855;a.('FAR')=0.0265696;
output = [output a]; clear a; %thrust target: 19000
a.('Fn')=20000;a.('Wf')=1.06154;a.('Nf')=3798.3;a.('Nc')=13247.4;a.('EPR')=1.12795;a.('NCR25')=12121.4;a.('Ps30')=370.617;a.('FAR')=0.0271219;
output = [output a]; clear a; %thrust target: 20000
a.('Fn')=21000;a.('Wf')=1.12033;a.('Nf')=3888.36;a.('Nc')=13329.4;a.('EPR')=1.13666;a.('NCR25')=12142.4;a.('Ps30')=386.638;a.('FAR')=0.0276337;
output = [output a]; clear a; %thrust target: 21000
a.('Fn')=22000;a.('Wf')=1.18025;a.('Nf')=3978.77;a.('Nc')=13410.4;a.('EPR')=1.14584;a.('NCR25')=12159.5;a.('Ps30')=402.961;a.('FAR')=0.0281213;
output = [output a]; clear a; %thrust target: 22000
a.('Fn')=23000;a.('Wf')=1.24164;a.('Nf')=4070.56;a.('Nc')=13490.3;a.('EPR')=1.15547;a.('NCR25')=12175.1;a.('Ps30')=419.55;a.('FAR')=0.0286003;
output = [output a]; clear a; %thrust target: 23000
a.('Fn')=24000;a.('Wf')=1.30358;a.('Nf')=4163.04;a.('Nc')=13569;a.('EPR')=1.16561;a.('NCR25')=12185.1;a.('Ps30')=436.494;a.('FAR')=0.0290343;
output = [output a]; clear a; %thrust target: 24000
a.('Fn')=25000;a.('Wf')=1.36737;a.('Nf')=4248.46;a.('Nc')=13644.9;a.('EPR')=1.17621;a.('NCR25')=12196.7;a.('Ps30')=453.671;a.('FAR')=0.0294748;
output = [output a]; clear a; %thrust target: 25000
a.('Fn')=26000;a.('Wf')=1.4331;a.('Nf')=4330.29;a.('Nc')=13718.5;a.('EPR')=1.18727;a.('NCR25')=12210.4;a.('Ps30')=470.968;a.('FAR')=0.0299341;
output = [output a]; clear a; %thrust target: 26000
a.('Fn')=27000;a.('Wf')=1.50086;a.('Nf')=4411.44;a.('Nc')=13791.7;a.('EPR')=1.19913;a.('NCR25')=12222.1;a.('Ps30')=488.76;a.('FAR')=0.0303817;
output = [output a]; clear a; %thrust target: 27000
a.('Fn')=28000;a.('Wf')=1.56958;a.('Nf')=4491.44;a.('Nc')=13864.2;a.('EPR')=1.21153;a.('NCR25')=12231.2;a.('Ps30')=506.809;a.('FAR')=0.0308084;
output = [output a]; clear a; %thrust target: 28000
a.('Fn')=29000;a.('Wf')=1.64138;a.('Nf')=4566.86;a.('Nc')=13935.4;a.('EPR')=1.22444;a.('NCR25')=12246;a.('Ps30')=524.97;a.('FAR')=0.0312827;
output = [output a]; clear a; %thrust target: 29000
a.('Fn')=30000;a.('Wf')=1.71392;a.('Nf')=4642.16;a.('Nc')=14004.8;a.('EPR')=1.23777;a.('NCR25')=12259.8;a.('Ps30')=543.194;a.('FAR')=0.0317443;
output = [output a]; clear a; %thrust target: 30000
