output = [];
a.('Fn')=10000;a.('Wf')=0.576384;a.('Nf')=2836.97;a.('Nc')=12376.3;a.('EPR')=1.06575;a.('NCR25')=11770.8;a.('Ps30')=230.779;a.('FAR')=0.0218065;
output = [output a]; clear a; %thrust target: 10000
a.('Fn')=10952;a.('Wf')=0.621211;a.('Nf')=2942.71;a.('Nc')=12475.7;a.('EPR')=1.07072;a.('NCR25')=11823.3;a.('Ps30')=244.366;a.('FAR')=0.0224209;
output = [output a]; clear a; %thrust target: 10952
a.('Fn')=11905;a.('Wf')=0.667083;a.('Nf')=3048.06;a.('Nc')=12572.4;a.('EPR')=1.07588;a.('NCR25')=11873;a.('Ps30')=258.05;a.('FAR')=0.0230194;
output = [output a]; clear a; %thrust target: 11905
a.('Fn')=12857;a.('Wf')=0.715816;a.('Nf')=3152.96;a.('Nc')=12673.3;a.('EPR')=1.0817;a.('NCR25')=11914.6;a.('Ps30')=272.669;a.('FAR')=0.0235925;
output = [output a]; clear a; %thrust target: 12857
a.('Fn')=13810;a.('Wf')=0.764605;a.('Nf')=3244.47;a.('Nc')=12768.1;a.('EPR')=1.08761;a.('NCR25')=11959.1;a.('Ps30')=286.954;a.('FAR')=0.024154;
output = [output a]; clear a; %thrust target: 13810
a.('Fn')=14762;a.('Wf')=0.813809;a.('Nf')=3333.6;a.('Nc')=12859.5;a.('EPR')=1.09374;a.('NCR25')=12002.5;a.('Ps30')=301.212;a.('FAR')=0.024691;
output = [output a]; clear a; %thrust target: 14762
a.('Fn')=15714;a.('Wf')=0.864422;a.('Nf')=3422.08;a.('Nc')=12944.7;a.('EPR')=1.10019;a.('NCR25')=12038.9;a.('Ps30')=315.346;a.('FAR')=0.0252633;
output = [output a]; clear a; %thrust target: 15714
a.('Fn')=16667;a.('Wf')=0.915681;a.('Nf')=3510.01;a.('Nc')=13026.4;a.('EPR')=1.10699;a.('NCR25')=12071.8;a.('Ps30')=329.423;a.('FAR')=0.0258271;
output = [output a]; clear a; %thrust target: 16667
a.('Fn')=17619;a.('Wf')=0.967242;a.('Nf')=3597.31;a.('Nc')=13104.3;a.('EPR')=1.11397;a.('NCR25')=12100.3;a.('Ps30')=343.518;a.('FAR')=0.026361;
output = [output a]; clear a; %thrust target: 17619
a.('Fn')=18571;a.('Wf')=1.01926;a.('Nf')=3684.03;a.('Nc')=13182.2;a.('EPR')=1.12135;a.('NCR25')=12120.8;a.('Ps30')=358.034;a.('FAR')=0.0268351;
output = [output a]; clear a; %thrust target: 18571
a.('Fn')=19524;a.('Wf')=1.07365;a.('Nf')=3761.3;a.('Nc')=13257.3;a.('EPR')=1.12905;a.('NCR25')=12147.8;a.('Ps30')=372.565;a.('FAR')=0.0273598;
output = [output a]; clear a; %thrust target: 19524
a.('Fn')=20476;a.('Wf')=1.12909;a.('Nf')=3838.52;a.('Nc')=13330.9;a.('EPR')=1.13704;a.('NCR25')=12173.8;a.('Ps30')=387.213;a.('FAR')=0.0278762;
output = [output a]; clear a; %thrust target: 20476
a.('Fn')=21429;a.('Wf')=1.18534;a.('Nf')=3915.6;a.('Nc')=13404.1;a.('EPR')=1.14547;a.('NCR25')=12194.5;a.('Ps30')=402.191;a.('FAR')=0.0283573;
output = [output a]; clear a; %thrust target: 21429
a.('Fn')=22381;a.('Wf')=1.24203;a.('Nf')=3991.72;a.('Nc')=13475;a.('EPR')=1.15416;a.('NCR25')=12213.7;a.('Ps30')=417.174;a.('FAR')=0.0288227;
output = [output a]; clear a; %thrust target: 22381
a.('Fn')=23333;a.('Wf')=1.29895;a.('Nf')=4067.05;a.('Nc')=13543.6;a.('EPR')=1.16306;a.('NCR25')=12231.6;a.('Ps30')=432.101;a.('FAR')=0.0292735;
output = [output a]; clear a; %thrust target: 23333
a.('Fn')=24286;a.('Wf')=1.35644;a.('Nf')=4142.41;a.('Nc')=13610.7;a.('EPR')=1.17234;a.('NCR25')=12246.1;a.('Ps30')=447.209;a.('FAR')=0.0297001;
output = [output a]; clear a; %thrust target: 24286
a.('Fn')=25238;a.('Wf')=1.41421;a.('Nf')=4217.59;a.('Nc')=13676.8;a.('EPR')=1.18209;a.('NCR25')=12256.1;a.('Ps30')=462.574;a.('FAR')=0.0300891;
output = [output a]; clear a; %thrust target: 25238
a.('Fn')=26190;a.('Wf')=1.47201;a.('Nf')=4288.33;a.('Nc')=13739.8;a.('EPR')=1.19193;a.('NCR25')=12268.1;a.('Ps30')=477.667;a.('FAR')=0.0304807;
output = [output a]; clear a; %thrust target: 26190
a.('Fn')=26500;a.('Wf')=1.49093;a.('Nf')=4311.35;a.('Nc')=13760;a.('EPR')=1.19519;a.('NCR25')=12271.7;a.('Ps30')=482.589;a.('FAR')=0.0306059;
output = [output a]; clear a; %thrust target: 26500
