output = [];
a.('Fn')=5000;a.('Wf')=0.484724;a.('Nf')=3204.28;a.('Nc')=12381.4;a.('EPR')=0.476148;a.('NCR25')=11412.2;a.('Ps30')=211.931;a.('FAR')=0.019364;
output = [output a]; clear a; %thrust target: 5000
a.('Fn')=8083.3;a.('Wf')=0.730065;a.('Nf')=3610.26;a.('Nc')=12896;a.('EPR')=0.624832;a.('NCR25')=11694.9;a.('Ps30')=286.104;a.('FAR')=0.0228999;
output = [output a]; clear a; %thrust target: 8083.3
a.('Fn')=11290.4;a.('Wf')=0.977269;a.('Nf')=3896.27;a.('Nc')=13286.4;a.('EPR')=0.800776;a.('NCR25')=11911.9;a.('Ps30')=354.52;a.('FAR')=0.0257676;
output = [output a]; clear a; %thrust target: 11167
a.('Fn')=14990.2;a.('Wf')=1.28814;a.('Nf')=4333.4;a.('Nc')=13739.5;a.('EPR')=0.805159;a.('NCR25')=12016.7;a.('Ps30')=442.7;a.('FAR')=0.0282405;
output = [output a]; clear a; %thrust target: 14250
a.('Fn')=18901;a.('Wf')=1.51706;a.('Nf')=4550.72;a.('Nc')=13970.2;a.('EPR')=0.907875;a.('NCR25')=12103;a.('Ps30')=502.288;a.('FAR')=0.0299432;
output = [output a]; clear a; %thrust target: 17333
a.('Fn')=22464.5;a.('Wf')=1.76323;a.('Nf')=4861.19;a.('Nc')=14228.6;a.('EPR')=0.849796;a.('NCR25')=12074.8;a.('Ps30')=575.696;a.('FAR')=0.0309068;
output = [output a]; clear a; %thrust target: 20417
a.('Fn')=25527.8;a.('Wf')=2.01644;a.('Nf')=5151.96;a.('Nc')=14439.7;a.('EPR')=0.768866;a.('NCR25')=12010.3;a.('Ps30')=641.512;a.('FAR')=0.0314488;
output = [output a]; clear a; %thrust target: 23500
a.('Fn')=30315.5;a.('Wf')=2.4028;a.('Nf')=5593.49;a.('Nc')=14775.9;a.('EPR')=0.784616;a.('NCR25')=12034.3;a.('Ps30')=752.038;a.('FAR')=0.0330045;
output = [output a]; clear a; %thrust target: 26583
a.('Fn')=33906.2;a.('Wf')=2.60442;a.('Nf')=5721.52;a.('Nc')=14906.1;a.('EPR')=0.875435;a.('NCR25')=12098.8;a.('Ps30')=794.606;a.('FAR')=0.0338217;
output = [output a]; clear a; %thrust target: 29667
a.('Fn')=32750;a.('Wf')=2.34852;a.('Nf')=5031.63;a.('Nc')=14576.9;a.('EPR')=1.35387;a.('NCR25')=12469.8;a.('Ps30')=680.675;a.('FAR')=0.0364936;
output = [output a]; clear a; %thrust target: 32750
a.('Fn')=35833;a.('Wf')=2.58799;a.('Nf')=5222.28;a.('Nc')=14755.4;a.('EPR')=1.40503;a.('NCR25')=12499.5;a.('Ps30')=734.086;a.('FAR')=0.0377783;
output = [output a]; clear a; %thrust target: 35833
a.('Fn')=38917;a.('Wf')=2.8539;a.('Nf')=5417.83;a.('Nc')=14955.3;a.('EPR')=1.45784;a.('NCR25')=12589.3;a.('Ps30')=784.112;a.('FAR')=0.0396807;
output = [output a]; clear a; %thrust target: 38917
a.('Fn')=42000;a.('Wf')=3.13684;a.('Nf')=5617.68;a.('Nc')=15161.8;a.('EPR')=1.51389;a.('NCR25')=12696.7;a.('Ps30')=834.313;a.('FAR')=0.0417097;
output = [output a]; clear a; %thrust target: 42000
