output = [];
a.('Fn')=7000;a.('Wf')=0.441263;a.('Nf')=2480.65;a.('Nc')=12036;a.('EPR')=1.0515;a.('NCR25')=11584.5;a.('Ps30')=188.195;a.('FAR')=0.0197481;
output = [output a]; clear a; %thrust target: 7000
a.('Fn')=8750;a.('Wf')=0.556282;a.('Nf')=3251.71;a.('Nc')=12474.3;a.('EPR')=0.517154;a.('NCR25')=11543.6;a.('Ps30')=233.762;a.('FAR')=0.0205061;
output = [output a]; clear a; %thrust target: 8750
a.('Fn')=10500;a.('Wf')=0.653495;a.('Nf')=3417.12;a.('Nc')=12675.5;a.('EPR')=0.575937;a.('NCR25')=11655.3;a.('Ps30')=263.55;a.('FAR')=0.0218466;
output = [output a]; clear a; %thrust target: 10500
a.('Fn')=12250;a.('Wf')=0.753634;a.('Nf')=3570.22;a.('Nc')=12853.9;a.('EPR')=0.640951;a.('NCR25')=11757.5;a.('Ps30')=292.935;a.('FAR')=0.0231178;
output = [output a]; clear a; %thrust target: 12250
a.('Fn')=14000;a.('Wf')=0.855737;a.('Nf')=3694.53;a.('Nc')=13016.8;a.('EPR')=0.730974;a.('NCR25')=11852.7;a.('Ps30')=321.988;a.('FAR')=0.0242995;
output = [output a]; clear a; %thrust target: 14000
a.('Fn')=15898.6;a.('Wf')=0.953756;a.('Nf')=3777.7;a.('Nc')=13147.4;a.('EPR')=0.855486;a.('NCR25')=11954.3;a.('Ps30')=347.23;a.('FAR')=0.0254372;
output = [output a]; clear a; %thrust target: 15750
a.('Fn')=17835.4;a.('Wf')=1.07106;a.('Nf')=3984.22;a.('Nc')=13340.4;a.('EPR')=0.84009;a.('NCR25')=11992.5;a.('Ps30')=382.831;a.('FAR')=0.0262872;
output = [output a]; clear a; %thrust target: 17500
a.('Fn')=19895.9;a.('Wf')=1.1954;a.('Nf')=4223.47;a.('Nc')=13542.8;a.('EPR')=0.805166;a.('NCR25')=11995.2;a.('Ps30')=422.159;a.('FAR')=0.0269445;
output = [output a]; clear a; %thrust target: 19250
a.('Fn')=21851.8;a.('Wf')=1.31843;a.('Nf')=4385.13;a.('Nc')=13683.1;a.('EPR')=0.825377;a.('NCR25')=12023.9;a.('Ps30')=455.062;a.('FAR')=0.0279077;
output = [output a]; clear a; %thrust target: 21000
a.('Fn')=22750;a.('Wf')=1.26401;a.('Nf')=4020.92;a.('Nc')=13501.8;a.('EPR')=1.15758;a.('NCR25')=12220.8;a.('Ps30')=422.954;a.('FAR')=0.0289986;
output = [output a]; clear a; %thrust target: 22750
a.('Fn')=24500;a.('Wf')=1.3694;a.('Nf')=4159.31;a.('Nc')=13625.7;a.('EPR')=1.17451;a.('NCR25')=12248.5;a.('Ps30')=450.661;a.('FAR')=0.0297887;
output = [output a]; clear a; %thrust target: 24500
a.('Fn')=26250;a.('Wf')=1.47567;a.('Nf')=4292.78;a.('Nc')=13743.7;a.('EPR')=1.19256;a.('NCR25')=12268.8;a.('Ps30')=478.62;a.('FAR')=0.030505;
output = [output a]; clear a; %thrust target: 26250
a.('Fn')=28000;a.('Wf')=1.58447;a.('Nf')=4422.83;a.('Nc')=13857.1;a.('EPR')=1.21177;a.('NCR25')=12286.5;a.('Ps30')=506.906;a.('FAR')=0.0311962;
output = [output a]; clear a; %thrust target: 28000
a.('Fn')=29750;a.('Wf')=1.7022;a.('Nf')=4552.72;a.('Nc')=13973.1;a.('EPR')=1.23334;a.('NCR25')=12303.6;a.('Ps30')=536.956;a.('FAR')=0.0319192;
output = [output a]; clear a; %thrust target: 29750
a.('Fn')=31500;a.('Wf')=1.83133;a.('Nf')=4689.73;a.('Nc')=14095;a.('EPR')=1.25767;a.('NCR25')=12321.6;a.('Ps30')=569.223;a.('FAR')=0.0326933;
output = [output a]; clear a; %thrust target: 31500
a.('Fn')=33250;a.('Wf')=1.96808;a.('Nf')=4830.73;a.('Nc')=14222.3;a.('EPR')=1.28457;a.('NCR25')=12335;a.('Ps30')=602.978;a.('FAR')=0.0334725;
output = [output a]; clear a; %thrust target: 33250
a.('Fn')=35000;a.('Wf')=2.11913;a.('Nf')=4986.14;a.('Nc')=14359.6;a.('EPR')=1.31559;a.('NCR25')=12346.8;a.('Ps30')=639.657;a.('FAR')=0.0343002;
output = [output a]; clear a; %thrust target: 35000
a.('Fn')=36750;a.('Wf')=2.31493;a.('Nf')=5237.8;a.('Nc')=14545.9;a.('EPR')=1.36052;a.('NCR25')=12317.7;a.('Ps30')=689.297;a.('FAR')=0.0351377;
output = [output a]; clear a; %thrust target: 36750
a.('Fn')=38500;a.('Wf')=2.5428;a.('Nf')=5517.86;a.('Nc')=14752.1;a.('EPR')=1.40536;a.('NCR25')=12364.4;a.('Ps30')=734.818;a.('FAR')=0.0368255;
output = [output a]; clear a; %thrust target: 38500
a.('Fn')=40250;a.('Wf')=2.79134;a.('Nf')=5805.08;a.('Nc')=14956;a.('EPR')=1.45489;a.('NCR25')=12425.7;a.('Ps30')=782.035;a.('FAR')=0.0386397;
output = [output a]; clear a; %thrust target: 40250
a.('Fn')=41011.1;a.('Wf')=3.37722;a.('Nf')=5992.54;a.('Nc')=17140.8;a.('EPR')=1.31875;a.('NCR25')=14253.2;a.('Ps30')=6.0834;a.('FAR')=0.0555454;
output = [output a]; clear a; %thrust target: 42000
