output = [];
a.('Fn')=5000;a.('Wf')=0.358893;a.('Nf')=2821.33;a.('Nc')=11905.9;a.('EPR')=0.395758;a.('NCR25')=11198.2;a.('Ps30')=168.074;a.('FAR')=0.0173499;
output = [output a]; clear a; %thrust target: 5000
a.('Fn')=6850;a.('Wf')=0.452911;a.('Nf')=3045.22;a.('Nc')=12222.2;a.('EPR')=0.455215;a.('NCR25')=11411.8;a.('Ps30')=200.424;a.('FAR')=0.0189289;
output = [output a]; clear a; %thrust target: 6850
a.('Fn')=8700;a.('Wf')=0.553525;a.('Nf')=3246.84;a.('Nc')=12468.2;a.('EPR')=0.515516;a.('NCR25')=11540.2;a.('Ps30')=232.902;a.('FAR')=0.0204658;
output = [output a]; clear a; %thrust target: 8700
a.('Fn')=10550;a.('Wf')=0.656281;a.('Nf')=3421.7;a.('Nc')=12680.9;a.('EPR')=0.577642;a.('NCR25')=11658.3;a.('Ps30')=264.388;a.('FAR')=0.0218829;
output = [output a]; clear a; %thrust target: 10550
a.('Fn')=12400;a.('Wf')=0.762379;a.('Nf')=3582.47;a.('Nc')=12868.4;a.('EPR')=0.647253;a.('NCR25')=11766;a.('Ps30')=295.445;a.('FAR')=0.0232245;
output = [output a]; clear a; %thrust target: 12400
a.('Fn')=14250;a.('Wf')=0.869746;a.('Nf')=3703.31;a.('Nc')=13035.4;a.('EPR')=0.750879;a.('NCR25')=11870.3;a.('Ps30')=325.703;a.('FAR')=0.0244721;
output = [output a]; clear a; %thrust target: 14250
a.('Fn')=16284.5;a.('Wf')=0.990932;a.('Nf')=3935.11;a.('Nc')=13243;a.('EPR')=0.726502;a.('NCR25')=11898.8;a.('Ps30')=361.435;a.('FAR')=0.0254869;
output = [output a]; clear a; %thrust target: 16100
a.('Fn')=18324.3;a.('Wf')=1.10857;a.('Nf')=4079.77;a.('Nc')=13412.2;a.('EPR')=0.793146;a.('NCR25')=11978.4;a.('Ps30')=395.478;a.('FAR')=0.0264407;
output = [output a]; clear a; %thrust target: 17950
a.('Fn')=19800;a.('Wf')=1.08968;a.('Nf')=3783.7;a.('Nc')=13278.9;a.('EPR')=1.13134;a.('NCR25')=12155.6;a.('Ps30')=376.814;a.('FAR')=0.0275112;
output = [output a]; clear a; %thrust target: 19800
a.('Fn')=21650;a.('Wf')=1.1985;a.('Nf')=3933.44;a.('Nc')=13420.8;a.('EPR')=1.14748;a.('NCR25')=12199;a.('Ps30')=405.682;a.('FAR')=0.0284669;
output = [output a]; clear a; %thrust target: 21650
a.('Fn')=23500;a.('Wf')=1.309;a.('Nf')=4080.26;a.('Nc')=13555.4;a.('EPR')=1.16464;a.('NCR25')=12234.6;a.('Ps30')=434.722;a.('FAR')=0.0293517;
output = [output a]; clear a; %thrust target: 23500
a.('Fn')=25350;a.('Wf')=1.42097;a.('Nf')=4226.03;a.('Nc')=13684.4;a.('EPR')=1.18324;a.('NCR25')=12257.5;a.('Ps30')=464.357;a.('FAR')=0.0301346;
output = [output a]; clear a; %thrust target: 25350
a.('Fn')=27200;a.('Wf')=1.5338;a.('Nf')=4363.41;a.('Nc')=13805.1;a.('EPR')=1.20267;a.('NCR25')=12279.6;a.('Ps30')=493.731;a.('FAR')=0.0308828;
output = [output a]; clear a; %thrust target: 27200
a.('Fn')=29050;a.('Wf')=1.65221;a.('Nf')=4499.51;a.('Nc')=13924.6;a.('EPR')=1.22422;a.('NCR25')=12294.8;a.('Ps30')=524.438;a.('FAR')=0.0316006;
output = [output a]; clear a; %thrust target: 29050
a.('Fn')=30900;a.('Wf')=1.78659;a.('Nf')=4642.52;a.('Nc')=14052.8;a.('EPR')=1.24904;a.('NCR25')=12317.3;a.('Ps30')=557.963;a.('FAR')=0.0324393;
output = [output a]; clear a; %thrust target: 30900
a.('Fn')=32750;a.('Wf')=1.92783;a.('Nf')=4789.83;a.('Nc')=14185.5;a.('EPR')=1.27653;a.('NCR25')=12330.6;a.('Ps30')=593.164;a.('FAR')=0.0332416;
output = [output a]; clear a; %thrust target: 32750
a.('Fn')=34600;a.('Wf')=2.08012;a.('Nf')=4945.78;a.('Nc')=14323.5;a.('EPR')=1.30747;a.('NCR25')=12344.7;a.('Ps30')=630.243;a.('FAR')=0.0340884;
output = [output a]; clear a; %thrust target: 34600
a.('Fn')=36450;a.('Wf')=2.28063;a.('Nf')=5192.35;a.('Nc')=14514.4;a.('EPR')=1.35306;a.('NCR25')=12317.3;a.('Ps30')=681.362;a.('FAR')=0.0349448;
output = [output a]; clear a; %thrust target: 36450
a.('Fn')=38300;a.('Wf')=2.5171;a.('Nf')=5485.4;a.('Nc')=14728;a.('EPR')=1.40034;a.('NCR25')=12359.2;a.('Ps30')=729.87;a.('FAR')=0.0366293;
output = [output a]; clear a; %thrust target: 38300
a.('Fn')=40150;a.('Wf')=2.77738;a.('Nf')=5788.22;a.('Nc')=14945.1;a.('EPR')=1.45238;a.('NCR25')=12419.8;a.('Ps30')=779.769;a.('FAR')=0.0385168;
output = [output a]; clear a; %thrust target: 40150
a.('Fn')=41984.8;a.('Wf')=3.03634;a.('Nf')=6048.44;a.('Nc')=15017.5;a.('EPR')=1.53979;a.('NCR25')=12166.4;a.('Ps30')=839.637;a.('FAR')=0.0405249;
output = [output a]; clear a; %thrust target: 42000
