output = [];
a.('Fn')=27704.9;a.('Wf')=2.86628;a.('Nf')=5222.27;a.('Nc')=14650.7;a.('EPR')=1.69511;a.('NCR25')=12286.4;a.('Ps30')=415.036;a.('FAR')=0.0281036;
output = [output a]; clear a;
a.('Fn')=24934.4;a.('Wf')=2.42436;a.('Nf')=4883.97;a.('Nc')=14311.7;a.('EPR')=1.54126;a.('NCR25')=12236.5;a.('Ps30')=368.225;a.('FAR')=0.0260465;
output = [output a]; clear a;
a.('Fn')=22163.9;a.('Wf')=2.07474;a.('Nf')=4645.87;a.('Nc')=14040.3;a.('EPR')=1.43252;a.('NCR25')=12167.6;a.('Ps30')=329.275;a.('FAR')=0.0243142;
output = [output a]; clear a;
a.('Fn')=19393.5;a.('Wf')=1.77421;a.('Nf')=4411.25;a.('Nc')=13791.7;a.('EPR')=1.34476;a.('NCR25')=12107.5;a.('Ps30')=292.978;a.('FAR')=0.0228428;
output = [output a]; clear a;
a.('Fn')=16623;a.('Wf')=1.49055;a.('Nf')=4142.78;a.('Nc')=13520.9;a.('EPR')=1.26896;a.('NCR25')=12047;a.('Ps30')=256.848;a.('FAR')=0.0213543;
output = [output a]; clear a;
a.('Fn')=13852.5;a.('Wf')=1.22171;a.('Nf')=3845.83;a.('Nc')=13222.1;a.('EPR')=1.20546;a.('NCR25')=11970.9;a.('Ps30')=221.376;a.('FAR')=0.0197284;
output = [output a]; clear a;
a.('Fn')=11082;a.('Wf')=0.972115;a.('Nf')=3503.3;a.('Nc')=12891;a.('EPR')=1.15229;a.('NCR25')=11879.2;a.('Ps30')=186.681;a.('FAR')=0.018006;
output = [output a]; clear a;
a.('Fn')=8311.48;a.('Wf')=0.738806;a.('Nf')=3097.33;a.('Nc')=12500.7;a.('EPR')=1.10883;a.('NCR25')=11734.9;a.('Ps30')=152.686;a.('FAR')=0.0160616;
output = [output a]; clear a;
a.('Fn')=1683.77;a.('Wf')=0.268394;a.('Nf')=1569.2;a.('Nc')=11287.6;a.('EPR')=1.03793;a.('NCR25')=11137.7;a.('Ps30')=73.4317;a.('FAR')=0.0104782;
output = [output a]; clear a;
