output = [];
a.('Fn')=10000;a.('Wf')=0.877407;a.('Nf')=3351.08;a.('Nc')=12749.7;a.('EPR')=1.13398;a.('NCR25')=11831;a.('Ps30')=173.351;a.('FAR')=0.0172294;
output = [output a]; clear a; %thrust target: 10000
a.('Fn')=10952;a.('Wf')=0.960594;a.('Nf')=3485.18;a.('Nc')=12874.2;a.('EPR')=1.14997;a.('NCR25')=11874.2;a.('Ps30')=185.049;a.('FAR')=0.0179177;
output = [output a]; clear a; %thrust target: 10952
a.('Fn')=11905;a.('Wf')=1.04548;a.('Nf')=3617.09;a.('Nc')=12995.9;a.('EPR')=1.16758;a.('NCR25')=11906.4;a.('Ps30')=197.153;a.('FAR')=0.0185303;
output = [output a]; clear a; %thrust target: 11905
a.('Fn')=12857;a.('Wf')=1.13069;a.('Nf')=3736.41;a.('Nc')=13109.6;a.('EPR')=1.18573;a.('NCR25')=11937.9;a.('Ps30')=209.05;a.('FAR')=0.0191158;
output = [output a]; clear a; %thrust target: 12857
a.('Fn')=13810;a.('Wf')=1.21772;a.('Nf')=3841.09;a.('Nc')=13217.3;a.('EPR')=1.20458;a.('NCR25')=11969.6;a.('Ps30')=220.84;a.('FAR')=0.0197023;
output = [output a]; clear a; %thrust target: 13810
a.('Fn')=14762;a.('Wf')=1.30807;a.('Nf')=3946.6;a.('Nc')=13323.8;a.('EPR')=1.22494;a.('NCR25')=11998.6;a.('Ps30')=232.922;a.('FAR')=0.0202776;
output = [output a]; clear a; %thrust target: 14762
a.('Fn')=15714;a.('Wf')=1.39984;a.('Nf')=4047.8;a.('Nc')=13425.6;a.('EPR')=1.24645;a.('NCR25')=12026;a.('Ps30')=245;a.('FAR')=0.0208356;
output = [output a]; clear a; %thrust target: 15714
a.('Fn')=16667;a.('Wf')=1.49498;a.('Nf')=4147.36;a.('Nc')=13525.4;a.('EPR')=1.27008;a.('NCR25')=12048;a.('Ps30')=257.424;a.('FAR')=0.021379;
output = [output a]; clear a; %thrust target: 16667
a.('Fn')=17619;a.('Wf')=1.59126;a.('Nf')=4243.83;a.('Nc')=13621.6;a.('EPR')=1.29498;a.('NCR25')=12069.5;a.('Ps30')=269.844;a.('FAR')=0.0219026;
output = [output a]; clear a; %thrust target: 17619
a.('Fn')=18571;a.('Wf')=1.68872;a.('Nf')=4334.02;a.('Nc')=13713.6;a.('EPR')=1.32091;a.('NCR25')=12091.7;a.('Ps30')=282.152;a.('FAR')=0.0224208;
output = [output a]; clear a; %thrust target: 18571
a.('Fn')=19524;a.('Wf')=1.78788;a.('Nf')=4423.46;a.('Nc')=13804;a.('EPR')=1.34865;a.('NCR25')=12110;a.('Ps30')=294.702;a.('FAR')=0.0229085;
output = [output a]; clear a; %thrust target: 19524
a.('Fn')=20476;a.('Wf')=1.8891;a.('Nf')=4508.7;a.('Nc')=13891.1;a.('EPR')=1.37765;a.('NCR25')=12129;a.('Ps30')=307.207;a.('FAR')=0.0234032;
output = [output a]; clear a; %thrust target: 20476
a.('Fn')=21429;a.('Wf')=1.99291;a.('Nf')=4586.42;a.('Nc')=13975.2;a.('EPR')=1.40765;a.('NCR25')=12151.7;a.('Ps30')=319.564;a.('FAR')=0.0239236;
output = [output a]; clear a; %thrust target: 21429
a.('Fn')=22381;a.('Wf')=2.0992;a.('Nf')=4663.34;a.('Nc')=14059.6;a.('EPR')=1.44013;a.('NCR25')=12171.7;a.('Ps30')=332.184;a.('FAR')=0.0244271;
output = [output a]; clear a; %thrust target: 22381
a.('Fn')=23333;a.('Wf')=2.21286;a.('Nf')=4743.77;a.('Nc')=14150;a.('EPR')=1.47549;a.('NCR25')=12192.8;a.('Ps30')=345.31;a.('FAR')=0.0249708;
output = [output a]; clear a; %thrust target: 23333
a.('Fn')=24286;a.('Wf')=2.33746;a.('Nf')=4827.12;a.('Nc')=14247.2;a.('EPR')=1.51385;a.('NCR25')=12219.1;a.('Ps30')=358.906;a.('FAR')=0.025609;
output = [output a]; clear a; %thrust target: 24286
a.('Fn')=25238;a.('Wf')=2.46619;a.('Nf')=4910.63;a.('Nc')=14342;a.('EPR')=1.55465;a.('NCR25')=12244.9;a.('Ps30')=372.663;a.('FAR')=0.0262552;
output = [output a]; clear a; %thrust target: 25238
a.('Fn')=26190;a.('Wf')=2.60216;a.('Nf')=4994.1;a.('Nc')=14443.7;a.('EPR')=1.59878;a.('NCR25')=12271.7;a.('Ps30')=386.753;a.('FAR')=0.0269433;
output = [output a]; clear a; %thrust target: 26190
a.('Fn')=27143;a.('Wf')=2.76225;a.('Nf')=5129.4;a.('Nc')=14569.3;a.('EPR')=1.65688;a.('NCR25')=12280.3;a.('Ps30')=404.16;a.('FAR')=0.0276359;
output = [output a]; clear a; %thrust target: 27143
a.('Fn')=28095;a.('Wf')=2.94189;a.('Nf')=5288.66;a.('Nc')=14713.9;a.('EPR')=1.72097;a.('NCR25')=12296.7;a.('Ps30')=422.104;a.('FAR')=0.028513;
output = [output a]; clear a; %thrust target: 28095
a.('Fn')=29048;a.('Wf')=3.13294;a.('Nf')=5480.47;a.('Nc')=14863.7;a.('EPR')=1.79171;a.('NCR25')=12310.9;a.('Ps30')=440.642;a.('FAR')=0.0294352;
output = [output a]; clear a; %thrust target: 29048
a.('Fn')=30000;a.('Wf')=3.33308;a.('Nf')=5664.37;a.('Nc')=15013.4;a.('EPR')=1.86774;a.('NCR25')=12331.1;a.('Ps30')=459.261;a.('FAR')=0.0304094;
output = [output a]; clear a; %thrust target: 30000
