%                    %ADDERS AND SCALARS  Compressors     |  Turbines          
    %                          Fan         LPC         HPC        HPT       LPT
    wc_scalar =      [      1.0356      1.0076      1.0322,    0.9040    0.9585
    ]; pr_scalar =   [      1.0001      1.0000      1.0001,    1.9104    1.5628
    ]; ef_scalar =   [      1.0001      1.0001      1.0000,    0.9878    0.9744
    ]; %Nc_Des       [    0.000188    0.000208    0.000079,    0.0174    0.0412
    %effRe           [      1.0115      1.0087      1.0046,    1.0000    1.0000
    %WcRe            [      1.0115      1.0087      1.0046,    1.0000    1.0000
                                                                               
%                                                                              
    %                                                                          
    MaxThrust = 28228.70;                                                      
    MinThrust =  8635.70;                                                      





