%                    %ADDERS AND SCALARS  Compressors     |  Turbines          
    %                          Fan         LPC         HPC        HPT       LPT
    wc_scalar =      [      1.0314      0.9963      1.0223,    0.8959    0.9460
    ]; pr_scalar =   [      1.0019      1.0007      1.0000,    1.9204    1.5552
    ]; ef_scalar =   [      1.0004      1.0007      1.0001,    0.9878    0.9744
    ]; %Nc_Des       [    0.000188    0.000208    0.000079,    0.0174    0.0413
    %effRe           [      1.0114      1.0087      1.0046,    1.0000    1.0000
    %WcRe            [      1.0114      1.0087      1.0046,    1.0000    1.0000
                                                                               
%                                                                              
    %                                                                          
    MaxThrust = 30050.60;                                                      
    MinThrust =  3672.49;                                                      





