output = [];
a.('Fn')=96058.3;a.('Wf')=7.28304;a.('Nf')=2647.33;a.('Nc')=10797;a.('EPR')=1.4794;a.('NCR25')=9689.7;a.('Ps30')=524.041;a.('FAR')=0.0286054;
output = [output a]; clear a;
a.('Fn')=86452.5;a.('Wf')=6.29427;a.('Nf')=2487.59;a.('Nc')=10626.5;a.('EPR')=1.39016;a.('NCR25')=9652.4;a.('Ps30')=472.438;a.('FAR')=0.0267997;
output = [output a]; clear a;
a.('Fn')=76846.6;a.('Wf')=5.40721;a.('Nf')=2382.17;a.('Nc')=10467.7;a.('EPR')=1.31827;a.('NCR25')=9576.43;a.('Ps30')=425.331;a.('FAR')=0.0249592;
output = [output a]; clear a;
a.('Fn')=67240.8;a.('Wf')=4.60647;a.('Nf')=2269.58;a.('Nc')=10304;a.('EPR')=1.25719;a.('NCR25')=9499.32;a.('Ps30')=379.764;a.('FAR')=0.0232423;
output = [output a]; clear a;
a.('Fn')=57635;a.('Wf')=3.85863;a.('Nf')=2139.9;a.('Nc')=10124.3;a.('EPR')=1.20445;a.('NCR25')=9413.3;a.('Ps30')=334.551;a.('FAR')=0.0215331;
output = [output a]; clear a;
a.('Fn')=48029.1;a.('Wf')=3.15206;a.('Nf')=1992.13;a.('Nc')=9919.32;a.('EPR')=1.15775;a.('NCR25')=9311.37;a.('Ps30')=289.197;a.('FAR')=0.019764;
output = [output a]; clear a;
a.('Fn')=38423.3;a.('Wf')=2.47223;a.('Nf')=1828.9;a.('Nc')=9694.76;a.('EPR')=1.11803;a.('NCR25')=9192.49;a.('Ps30')=243.681;a.('FAR')=0.0177493;
output = [output a]; clear a;
a.('Fn')=28817.5;a.('Wf')=1.83848;a.('Nf')=1620.62;a.('Nc')=9438.37;a.('EPR')=1.0846;a.('NCR25')=9053.97;a.('Ps30')=198.354;a.('FAR')=0.0155173;
output = [output a]; clear a;
a.('Fn')=6285;a.('Wf')=0.58593;a.('Nf')=861.706;a.('Nc')=8400;a.('EPR')=1.03;a.('NCR25')=8312.72;a.('Ps30')=92.1362;a.('FAR')=0.00899966;
output = [output a]; clear a;
