%---------------------------------------------------------
% Transient Limiter Set up
%---------------------------------------------------------
ttectra_in.Limiter.NcR25_sched=[90 91.2222 92.4444 93.6667 94.8889 96.1111 97.3333 98.5556 99.7778 101];
ttectra_in.Limiter.Ncdot_sched=[100 161.111 222.222 283.333 255.556 194.444 133.333 76.3889 24.4444 10];
ttectra_in.Limiter.WfPs3min = 0.0107066;
