%mapname = 'HPC'
%maptype = 'RLINE'

%        alpha        speed        Rline        Wcorr           PR          eff  
%mapdata=[ 
%alpha[
HPC(:,1,:,1)=[      0.000000,    0.500000,     1.00000,     5.93800,     2.05340,    0.704900   
     0.000000,    0.500000,     1.20000,     6.16800,     2.00450,    0.712600   
     0.000000,    0.500000,     1.40000,     6.37300,     1.94770,    0.715900   
     0.000000,    0.500000,     1.60000,     6.55200,     1.88360,    0.714000   
     0.000000,    0.500000,     1.80000,     6.70500,     1.81290,    0.706000   
     0.000000,    0.500000,     2.00000,     6.83300,     1.73610,    0.690900   
     0.000000,    0.500000,     2.20000,     6.93800,     1.65070,    0.664300   
     0.000000,    0.500000,     2.40000,     7.01800,     1.55480,    0.621000   
     0.000000,    0.500000,     2.60000,     7.07700,     1.45000,    0.557100   
     0.000000,    0.500000,     2.80000,     7.11400,     1.33830,    0.467400   
     0.000000,    0.500000,     3.00000,     7.13000,     1.22140,    0.345100 ];  
HPC(:,2,:,1)=[      0.000000,    0.600000,     1.00000,     8.16100,     2.80160,    0.720800   
     0.000000,    0.600000,     1.20000,     8.40500,     2.72010,    0.727000   
     0.000000,    0.600000,     1.40000,     8.61700,     2.62740,    0.729500   
     0.000000,    0.600000,     1.60000,     8.79700,     2.52450,    0.727900   
     0.000000,    0.600000,     1.80000,     8.94600,     2.41240,    0.721400   
     0.000000,    0.600000,     2.00000,     9.06400,     2.29220,    0.709400   
     0.000000,    0.600000,     2.20000,     9.15400,     2.16050,    0.688800   
     0.000000,    0.600000,     2.40000,     9.21600,     2.01470,    0.655800   
     0.000000,    0.600000,     2.60000,     9.25100,     1.85760,    0.608000   
     0.000000,    0.600000,     2.80000,     9.26100,     1.69210,    0.542800   
     0.000000,    0.600000,     3.00000,     9.26100,     1.52140,    0.456200 ];  
HPC(:,3,:,1)=[      0.000000,    0.700000,     1.00000,     11.4770,     3.93880,    0.742700   
     0.000000,    0.700000,     1.20000,     11.7210,     3.81160,    0.747700   
     0.000000,    0.700000,     1.40000,     11.9320,     3.66960,    0.749800   
     0.000000,    0.700000,     1.60000,     12.1100,     3.51420,    0.748600   
     0.000000,    0.700000,     1.80000,     12.2550,     3.34690,    0.743700   
     0.000000,    0.700000,     2.00000,     12.3700,     3.16940,    0.734600   
     0.000000,    0.700000,     2.20000,     12.4550,     2.97700,    0.719000   
     0.000000,    0.700000,     2.40000,     12.5120,     2.76630,    0.694500   
     0.000000,    0.700000,     2.60000,     12.5410,     2.54140,    0.659500   
     0.000000,    0.700000,     2.80000,     12.5460,     2.30630,    0.612600   
     0.000000,    0.700000,     3.00000,     12.5460,     2.06550,    0.551800 ];  
HPC(:,4,:,1)=[      0.000000,    0.750000,     1.00000,     14.0510,     4.88740,    0.757400   
     0.000000,    0.750000,     1.20000,     14.3110,     4.72640,    0.762900   
     0.000000,    0.750000,     1.40000,     14.5340,     4.54620,    0.765500   
     0.000000,    0.750000,     1.60000,     14.7210,     4.34860,    0.765100   
     0.000000,    0.750000,     1.80000,     14.8730,     4.13560,    0.761200   
     0.000000,    0.750000,     2.00000,     14.9910,     3.90940,    0.753600   
     0.000000,    0.750000,     2.20000,     15.0770,     3.66410,    0.740000   
     0.000000,    0.750000,     2.40000,     15.1320,     3.39540,    0.718300   
     0.000000,    0.750000,     2.60000,     15.1570,     3.10870,    0.687200   
     0.000000,    0.750000,     2.80000,     15.1590,     2.80960,    0.645500   
     0.000000,    0.750000,     3.00000,     15.1590,     2.50390,    0.591500 ];  
HPC(:,5,:,1)=[      0.000000,    0.800000,     1.00000,     17.4190,     6.15270,    0.776200   
     0.000000,    0.800000,     1.20000,     17.6940,     5.94920,    0.782000   
     0.000000,    0.800000,     1.40000,     17.9280,     5.72100,    0.785100   
     0.000000,    0.800000,     1.60000,     18.1240,     5.47050,    0.785500   
     0.000000,    0.800000,     1.80000,     18.2810,     5.20040,    0.782700   
     0.000000,    0.800000,     2.00000,     18.4020,     4.91330,    0.776400   
     0.000000,    0.800000,     2.20000,     18.4870,     4.60190,    0.764800   
     0.000000,    0.800000,     2.40000,     18.5390,     4.26070,    0.745900   
     0.000000,    0.800000,     2.60000,     18.5580,     3.89660,    0.718700   
     0.000000,    0.800000,     2.80000,     18.5580,     3.51680,    0.682100   
     0.000000,    0.800000,     3.00000,     18.5580,     3.12890,    0.634900 ];  
HPC(:,6,:,1)=[      0.000000,    0.850000,     1.00000,     22.7710,     8.26500,    0.804600   
     0.000000,    0.850000,     1.20000,     23.1030,     7.99840,    0.811700   
     0.000000,    0.850000,     1.40000,     23.3840,     7.69470,    0.816300   
     0.000000,    0.850000,     1.60000,     23.6160,     7.35740,    0.818100   
     0.000000,    0.850000,     1.80000,     23.8010,     6.99030,    0.816800   
     0.000000,    0.850000,     2.00000,     23.9410,     6.59760,    0.812200   
     0.000000,    0.850000,     2.20000,     24.0360,     6.16840,    0.802500   
     0.000000,    0.850000,     2.40000,     24.0890,     5.69530,    0.785600   
     0.000000,    0.850000,     2.60000,     24.1030,     5.18840,    0.760700   
     0.000000,    0.850000,     2.80000,     24.1030,     4.65890,    0.726900   
     0.000000,    0.850000,     3.00000,     24.1030,     4.11810,    0.683100 ];  
HPC(:,7,:,1)=[      0.000000,    0.900000,     1.00000,     30.3120,     11.4692,    0.833500   
     0.000000,    0.900000,     1.20000,     30.7390,     11.1170,    0.842500   
     0.000000,    0.900000,     1.40000,     31.0980,     10.7038,    0.848800   
     0.000000,    0.900000,     1.60000,     31.3920,     10.2350,    0.852300   
     0.000000,    0.900000,     1.80000,     31.6220,     9.71670,    0.852700   
     0.000000,    0.900000,     2.00000,     31.7900,     9.15580,    0.849600   
     0.000000,    0.900000,     2.20000,     31.8990,     8.53520,    0.841200   
     0.000000,    0.900000,     2.40000,     31.9520,     7.84380,    0.825400   
     0.000000,    0.900000,     2.60000,     31.9580,     7.09870,    0.801300   
     0.000000,    0.900000,     2.80000,     31.9580,     6.31850,    0.768100   
     0.000000,    0.900000,     3.00000,     31.9580,     5.52250,    0.724700 ];  
HPC(:,8,:,1)=[      0.000000,    0.925000,     1.00000,     35.6300,     13.8494,    0.843600   
     0.000000,    0.925000,     1.20000,     36.1030,     13.4434,    0.852800   
     0.000000,    0.925000,     1.40000,     36.5000,     12.9613,    0.859500   
     0.000000,    0.925000,     1.60000,     36.8230,     12.4095,    0.863400   
     0.000000,    0.925000,     1.80000,     37.0740,     11.7955,    0.864200   
     0.000000,    0.925000,     2.00000,     37.2560,     11.1275,    0.861700   
     0.000000,    0.925000,     2.20000,     37.3720,     10.3842,    0.854100   
     0.000000,    0.925000,     2.40000,     37.4240,     9.55160,    0.839400   
     0.000000,    0.925000,     2.60000,     37.4280,     8.65090,    0.816900   
     0.000000,    0.925000,     2.80000,     37.4280,     7.70490,    0.785800   
     0.000000,    0.925000,     3.00000,     37.4280,     6.73740,    0.745100 ];  
