%mapname = 'HPC'
%maptype = 'RLINE'

%        alpha        speed        Rline        Wcorr           PR          eff  
%mapdata=[ 
%alpha[
HPC(:,1,:,1)=[      0.000000,    0.500000,     1.00000,     7.26700,     1.64730,    0.717600   
     0.000000,    0.500000,     1.20000,     7.54300,     1.61770,    0.727600   
     0.000000,    0.500000,     1.40000,     7.80300,     1.58290,    0.732800   
     0.000000,    0.500000,     1.60000,     8.04600,     1.54320,    0.732200   
     0.000000,    0.500000,     1.80000,     8.27300,     1.49880,    0.724700   
     0.000000,    0.500000,     2.00000,     8.48400,     1.45000,    0.709000   
     0.000000,    0.500000,     2.20000,     8.67800,     1.39580,    0.680600   
     0.000000,    0.500000,     2.40000,     8.85600,     1.33500,    0.633900   
     0.000000,    0.500000,     2.60000,     9.01700,     1.26830,    0.563900   
     0.000000,    0.500000,     2.80000,     9.16300,     1.19670,    0.463900   
     0.000000,    0.500000,     3.00000,     9.29200,     1.12090,    0.323900 ];  
HPC(:,2,:,1)=[      0.000000,    0.600000,     1.00000,     9.81000,     2.05230,    0.734500   
     0.000000,    0.600000,     1.20000,     10.0810,     2.00600,    0.742900   
     0.000000,    0.600000,     1.40000,     10.3310,     1.95270,    0.747100   
     0.000000,    0.600000,     1.60000,     10.5590,     1.89270,    0.746700   
     0.000000,    0.600000,     1.80000,     10.7640,     1.82660,    0.740700   
     0.000000,    0.600000,     2.00000,     10.9480,     1.75490,    0.728200   
     0.000000,    0.600000,     2.20000,     11.1110,     1.67600,    0.706000   
     0.000000,    0.600000,     2.40000,     11.2530,     1.58870,    0.670200   
     0.000000,    0.600000,     2.60000,     11.3740,     1.49410,    0.617900   
     0.000000,    0.600000,     2.80000,     11.4760,     1.39370,    0.545000   
     0.000000,    0.600000,     3.00000,     11.5580,     1.28870,    0.446500 ];  
HPC(:,3,:,1)=[      0.000000,    0.700000,     1.00000,     13.1200,     2.69160,    0.755800   
     0.000000,    0.700000,     1.20000,     13.3700,     2.62230,    0.762300   
     0.000000,    0.700000,     1.40000,     13.5930,     2.54400,    0.765700   
     0.000000,    0.700000,     1.60000,     13.7910,     2.45730,    0.765300   
     0.000000,    0.700000,     1.80000,     13.9640,     2.36290,    0.760900   
     0.000000,    0.700000,     2.00000,     14.1120,     2.26170,    0.751600   
     0.000000,    0.700000,     2.20000,     14.2350,     2.15160,    0.735500   
     0.000000,    0.700000,     2.40000,     14.3350,     2.03110,    0.710000   
     0.000000,    0.700000,     2.60000,     14.4120,     1.90200,    0.673400   
     0.000000,    0.700000,     2.80000,     14.4670,     1.76590,    0.623900   
     0.000000,    0.700000,     3.00000,     14.5010,     1.62470,    0.558900 ];  
HPC(:,4,:,1)=[      0.000000,    0.750000,     1.00000,     15.4870,     3.18420,    0.768500   
     0.000000,    0.750000,     1.20000,     15.7540,     3.09870,    0.775600   
     0.000000,    0.750000,     1.40000,     15.9900,     3.00150,    0.779500   
     0.000000,    0.750000,     1.60000,     16.1960,     2.89370,    0.780000   
     0.000000,    0.750000,     1.80000,     16.3720,     2.77620,    0.776500   
     0.000000,    0.750000,     2.00000,     16.5190,     2.65000,    0.768700   
     0.000000,    0.750000,     2.20000,     16.6380,     2.51270,    0.754400   
     0.000000,    0.750000,     2.40000,     16.7290,     2.36250,    0.731500   
     0.000000,    0.750000,     2.60000,     16.7950,     2.20160,    0.698500   
     0.000000,    0.750000,     2.80000,     16.8350,     2.03250,    0.653800   
     0.000000,    0.750000,     3.00000,     16.8500,     1.85760,    0.595500 ];  
HPC(:,5,:,1)=[      0.000000,    0.800000,     1.00000,     18.8110,     3.91440,    0.784700   
     0.000000,    0.800000,     1.20000,     19.1180,     3.80580,    0.792800   
     0.000000,    0.800000,     1.40000,     19.3860,     3.68090,    0.797900   
     0.000000,    0.800000,     1.60000,     19.6140,     3.54100,    0.799600   
     0.000000,    0.800000,     1.80000,     19.8040,     3.38740,    0.797500   
     0.000000,    0.800000,     2.00000,     19.9570,     3.22190,    0.791000   
     0.000000,    0.800000,     2.20000,     20.0730,     3.04110,    0.778300   
     0.000000,    0.800000,     2.40000,     20.1550,     2.84270,    0.757100   
     0.000000,    0.800000,     2.60000,     20.2030,     2.63010,    0.726100   
     0.000000,    0.800000,     2.80000,     20.2200,     2.40700,    0.683900   
     0.000000,    0.800000,     3.00000,     20.2200,     2.17710,    0.628700 ];  
HPC(:,6,:,1)=[      0.000000,    0.850000,     1.00000,     24.7260,     5.27440,    0.810200   
     0.000000,    0.850000,     1.20000,     25.1640,     5.13390,    0.821800   
     0.000000,    0.850000,     1.40000,     25.5380,     4.96360,    0.830000   
     0.000000,    0.850000,     1.60000,     25.8510,     4.76580,    0.834500   
     0.000000,    0.850000,     1.80000,     26.1060,     4.54320,    0.834800   
     0.000000,    0.850000,     2.00000,     26.3020,     4.29870,    0.830300   
     0.000000,    0.850000,     2.20000,     26.4440,     4.02700,    0.819100   
     0.000000,    0.850000,     2.40000,     26.5320,     3.72490,    0.798400   
     0.000000,    0.850000,     2.60000,     26.5700,     3.39900,    0.767000   
     0.000000,    0.850000,     2.80000,     26.5720,     3.05660,    0.723300   
     0.000000,    0.850000,     3.00000,     26.5720,     2.70540,    0.665400 ];  
HPC(:,7,:,1)=[      0.000000,    0.900000,     1.00000,     32.5790,     7.22630,    0.834300   
     0.000000,    0.900000,     1.20000,     33.1470,     7.04770,    0.847700   
     0.000000,    0.900000,     1.40000,     33.6290,     6.82090,    0.857700   
     0.000000,    0.900000,     1.60000,     34.0250,     6.54950,    0.863900   
     0.000000,    0.900000,     1.80000,     34.3400,     6.23780,    0.866000   
     0.000000,    0.900000,     2.00000,     34.5760,     5.89050,    0.863200   
     0.000000,    0.900000,     2.20000,     34.7360,     5.49960,    0.853700   
     0.000000,    0.900000,     2.40000,     34.8240,     5.06020,    0.834900   
     0.000000,    0.900000,     2.60000,     34.8440,     4.58380,    0.805500   
     0.000000,    0.900000,     2.80000,     34.8440,     4.08250,    0.764200   
     0.000000,    0.900000,     3.00000,     34.8440,     3.56910,    0.709300 ];  
HPC(:,8,:,1)=[      0.000000,    0.925000,     1.00000,     37.3180,     8.45320,    0.842300   
     0.000000,    0.925000,     1.20000,     37.9190,     8.25160,    0.855400   
     0.000000,    0.925000,     1.40000,     38.4260,     7.99390,    0.865100   
     0.000000,    0.925000,     1.60000,     38.8440,     7.68380,    0.871300   
     0.000000,    0.925000,     1.80000,     39.1730,     7.32630,    0.873500   
     0.000000,    0.925000,     2.00000,     39.4180,     6.92690,    0.871300   
     0.000000,    0.925000,     2.20000,     39.5820,     6.47600,    0.862800   
     0.000000,    0.925000,     2.40000,     39.6690,     5.96770,    0.845600   
     0.000000,    0.925000,     2.60000,     39.6850,     5.41510,    0.818900   
     0.000000,    0.925000,     2.80000,     39.6850,     4.83230,    0.781400   
     0.000000,    0.925000,     3.00000,     39.6850,     4.23420,    0.731700 ];  
