%mapname = 'LPC'
%maptype = 'RLINE'

%        alpha        speed        Rline        Wcorr           PR          eff  
%mapdata=[ 
%alpha[
LPC(:,1,:,1)=[      0.000000,    0.300000,     1.00000,     17.1200,     1.08370,    0.815000   
     0.000000,    0.300000,     1.20000,     18.4060,     1.08000,    0.832100   
     0.000000,    0.300000,     1.40000,     19.6700,     1.07560,    0.844700   
     0.000000,    0.300000,     1.60000,     20.9130,     1.07060,    0.851600   
     0.000000,    0.300000,     1.80000,     22.1320,     1.06490,    0.851400   
     0.000000,    0.300000,     2.00000,     23.3260,     1.05870,    0.842200   
     0.000000,    0.300000,     2.20000,     24.4950,     1.05180,    0.821000   
     0.000000,    0.300000,     2.40000,     25.6360,     1.04430,    0.783900   
     0.000000,    0.300000,     2.60000,     26.7500,     1.03620,    0.724500   
     0.000000,    0.300000,     2.80000,     27.8360,     1.02750,    0.633200   
     0.000000,    0.300000,     3.00000,     28.8910,     1.01820,    0.493500 ];  
LPC(:,2,:,1)=[      0.000000,    0.400000,     1.00000,     23.7010,     1.15370,    0.828200   
     0.000000,    0.400000,     1.20000,     25.3330,     1.14690,    0.846200   
     0.000000,    0.400000,     1.40000,     26.9180,     1.13900,    0.859800   
     0.000000,    0.400000,     1.60000,     28.4520,     1.12990,    0.867900   
     0.000000,    0.400000,     1.80000,     29.9350,     1.11970,    0.869200   
     0.000000,    0.400000,     2.00000,     31.3640,     1.10840,    0.861800   
     0.000000,    0.400000,     2.20000,     32.7370,     1.09610,    0.843100   
     0.000000,    0.400000,     2.40000,     34.0520,     1.08260,    0.809100   
     0.000000,    0.400000,     2.60000,     35.3090,     1.06810,    0.754100   
     0.000000,    0.400000,     2.80000,     36.5060,     1.05270,    0.669300   
     0.000000,    0.400000,     3.00000,     37.6420,     1.03620,    0.539700 ];  
LPC(:,3,:,1)=[      0.000000,    0.500000,     1.00000,     31.0370,     1.24860,    0.844000   
     0.000000,    0.500000,     1.20000,     32.8950,     1.23770,    0.862100   
     0.000000,    0.500000,     1.40000,     34.6680,     1.22510,    0.876000   
     0.000000,    0.500000,     1.60000,     36.3540,     1.21070,    0.884800   
     0.000000,    0.500000,     1.80000,     37.9490,     1.19470,    0.887300   
     0.000000,    0.500000,     2.00000,     39.4530,     1.17690,    0.881700   
     0.000000,    0.500000,     2.20000,     40.8630,     1.15760,    0.865700   
     0.000000,    0.500000,     2.40000,     42.1780,     1.13670,    0.835900   
     0.000000,    0.500000,     2.60000,     43.3970,     1.11440,    0.787400   
     0.000000,    0.500000,     2.80000,     44.5200,     1.09060,    0.712900   
     0.000000,    0.500000,     3.00000,     45.5480,     1.06550,    0.600000 ];  
LPC(:,4,:,1)=[      0.000000,    0.600000,     1.00000,     39.0920,     1.37790,    0.856700   
     0.000000,    0.600000,     1.20000,     41.1290,     1.36170,    0.875700   
     0.000000,    0.600000,     1.40000,     43.0280,     1.34290,    0.890700   
     0.000000,    0.600000,     1.60000,     44.7880,     1.32150,    0.900600   
     0.000000,    0.600000,     1.80000,     46.4050,     1.29750,    0.904400   
     0.000000,    0.600000,     2.00000,     47.8800,     1.27110,    0.900500   
     0.000000,    0.600000,     2.20000,     49.2120,     1.24240,    0.886800   
     0.000000,    0.600000,     2.40000,     50.4020,     1.21150,    0.860000   
     0.000000,    0.600000,     2.60000,     51.4510,     1.17850,    0.816000   
     0.000000,    0.600000,     2.80000,     52.3620,     1.14360,    0.748000   
     0.000000,    0.600000,     3.00000,     53.1380,     1.10690,    0.645600 ];  
LPC(:,5,:,1)=[      0.000000,    0.700000,     1.00000,     47.9750,     1.55690,    0.862000   
     0.000000,    0.700000,     1.20000,     50.1810,     1.53440,    0.883200   
     0.000000,    0.700000,     1.40000,     52.1710,     1.50750,    0.900100   
     0.000000,    0.700000,     1.60000,     53.9440,     1.47650,    0.911900   
     0.000000,    0.700000,     1.80000,     55.5010,     1.44160,    0.917300   
     0.000000,    0.700000,     2.00000,     56.8450,     1.40290,    0.914900   
     0.000000,    0.700000,     2.20000,     57.9800,     1.36070,    0.902500   
     0.000000,    0.700000,     2.40000,     58.9110,     1.31520,    0.877100   
     0.000000,    0.700000,     2.60000,     59.6450,     1.26670,    0.834300   
     0.000000,    0.700000,     2.80000,     60.1890,     1.21550,    0.767900   
     0.000000,    0.700000,     3.00000,     60.5520,     1.16200,    0.668100 ];  
LPC(:,6,:,1)=[      0.000000,    0.750000,     1.00000,     52.9820,     1.67190,    0.862800   
     0.000000,    0.750000,     1.20000,     55.2330,     1.64590,    0.885200   
     0.000000,    0.750000,     1.40000,     57.2200,     1.61430,    0.903200   
     0.000000,    0.750000,     1.60000,     58.9430,     1.57750,    0.915900   
     0.000000,    0.750000,     1.80000,     60.4050,     1.53570,    0.922100   
     0.000000,    0.750000,     2.00000,     61.6130,     1.48920,    0.920400   
     0.000000,    0.750000,     2.20000,     62.5750,     1.43830,    0.908500   
     0.000000,    0.750000,     2.40000,     63.2990,     1.38330,    0.883500   
     0.000000,    0.750000,     2.60000,     63.7970,     1.32480,    0.841100   
     0.000000,    0.750000,     2.80000,     64.0790,     1.26310,    0.775400   
     0.000000,    0.750000,     3.00000,     64.1600,     1.19870,    0.676800 ];  
LPC(:,7,:,1)=[      0.000000,    0.800000,     1.00000,     58.1050,     1.80950,    0.861200   
     0.000000,    0.800000,     1.20000,     60.4190,     1.77970,    0.885200   
     0.000000,    0.800000,     1.40000,     62.4030,     1.74270,    0.904600   
     0.000000,    0.800000,     1.60000,     64.0630,     1.69870,    0.918500   
     0.000000,    0.800000,     1.80000,     65.4060,     1.64830,    0.925700   
     0.000000,    0.800000,     2.00000,     66.4430,     1.59190,    0.924500   
     0.000000,    0.800000,     2.20000,     67.1880,     1.53000,    0.912800   
     0.000000,    0.800000,     2.40000,     67.6540,     1.46290,    0.887500   
     0.000000,    0.800000,     2.60000,     67.8590,     1.39150,    0.844400   
     0.000000,    0.800000,     2.80000,     67.8720,     1.31630,    0.777400   
     0.000000,    0.800000,     3.00000,     67.8720,     1.23800,    0.676900 ];  
LPC(:,8,:,1)=[      0.000000,    0.850000,     1.00000,     63.6680,     1.96530,    0.871800   
     0.000000,    0.850000,     1.20000,     65.9170,     1.93130,    0.893300   
     0.000000,    0.850000,     1.40000,     67.8300,     1.88970,    0.910500   
     0.000000,    0.850000,     1.60000,     69.4130,     1.84080,    0.922800   
     0.000000,    0.850000,     1.80000,     70.6770,     1.78500,    0.929100   
     0.000000,    0.850000,     2.00000,     71.6330,     1.72290,    0.928200   
     0.000000,    0.850000,     2.20000,     72.2950,     1.65490,    0.918400   
     0.000000,    0.850000,     2.40000,     72.6790,     1.58160,    0.897500   
     0.000000,    0.850000,     2.60000,     72.8010,     1.50370,    0.862600   
     0.000000,    0.850000,     2.80000,     72.8010,     1.42190,    0.809500   
     0.000000,    0.850000,     3.00000,     72.8010,     1.33690,    0.732500 ];  
