%mapname = 'LPT'
%maptype = 'TURBone'

%        alpha        speed           PR        Wcorr          eff  
%mapdata=[ 
 
LPT(:,1,:,1)=[       1.00000,     60.0000,     3.00000,     35.8830,    0.856000   
      1.00000,     60.0000,     3.25000,     35.8970,    0.853200   
      1.00000,     60.0000,     3.50000,     35.8970,    0.849700   
      1.00000,     60.0000,     3.75000,     35.8970,    0.846300   
      1.00000,     60.0000,     4.00000,     35.8970,    0.843200   
      1.00000,     60.0000,     4.25000,     35.8970,    0.840200   
      1.00000,     60.0000,     4.50000,     35.8970,    0.837100   
      1.00000,     60.0000,     4.75000,     35.8970,    0.834100   
      1.00000,     60.0000,     5.00000,     35.8970,    0.831300   
      1.00000,     60.0000,     5.25000,     35.8970,    0.828800   
      1.00000,     60.0000,     5.50000,     35.8970,    0.826300   
      1.00000,     60.0000,     5.75000,     35.8970,    0.824000   
      1.00000,     60.0000,     6.00000,     35.8970,    0.821400   
      1.00000,     60.0000,     6.25000,     35.8970,    0.818800   
      1.00000,     60.0000,     6.50000,     35.8970,    0.816500   
      1.00000,     60.0000,     6.75000,     35.8970,    0.814200   
      1.00000,     60.0000,     7.00000,     35.8970,    0.812100   
      1.00000,     60.0000,     7.25000,     35.8970,    0.810100   
      1.00000,     60.0000,     7.50000,     35.8970,    0.808200   
      1.00000,     60.0000,     8.00000,     35.8970,    0.804600  ];   
LPT(:,2,:,1)=[       1.00000,     70.0000,     3.00000,     35.7120,    0.885500   
      1.00000,     70.0000,     3.25000,     35.7960,    0.885300   
      1.00000,     70.0000,     3.50000,     35.8340,    0.884400   
      1.00000,     70.0000,     3.75000,     35.8430,    0.883200   
      1.00000,     70.0000,     4.00000,     35.8430,    0.881800   
      1.00000,     70.0000,     4.25000,     35.8430,    0.879900   
      1.00000,     70.0000,     4.50000,     35.8430,    0.878200   
      1.00000,     70.0000,     4.75000,     35.8430,    0.876400   
      1.00000,     70.0000,     5.00000,     35.8430,    0.874800   
      1.00000,     70.0000,     5.25000,     35.8430,    0.872600   
      1.00000,     70.0000,     5.50000,     35.8430,    0.870300   
      1.00000,     70.0000,     5.75000,     35.8430,    0.868200   
      1.00000,     70.0000,     6.00000,     35.8430,    0.866100   
      1.00000,     70.0000,     6.25000,     35.8430,    0.864200   
      1.00000,     70.0000,     6.50000,     35.8430,    0.862400   
      1.00000,     70.0000,     6.75000,     35.8430,    0.860600   
      1.00000,     70.0000,     7.00000,     35.8430,    0.858900   
      1.00000,     70.0000,     7.25000,     35.8430,    0.857300   
      1.00000,     70.0000,     7.50000,     35.8430,    0.855700   
      1.00000,     70.0000,     8.00000,     35.8430,    0.852700  ];   
LPT(:,3,:,1)=[       1.00000,     80.0000,     3.00000,     35.4590,    0.898300   
      1.00000,     80.0000,     3.25000,     35.5710,    0.901200   
      1.00000,     80.0000,     3.50000,     35.6410,    0.903000   
      1.00000,     80.0000,     3.75000,     35.6830,    0.904200   
      1.00000,     80.0000,     4.00000,     35.7060,    0.904300   
      1.00000,     80.0000,     4.25000,     35.7170,    0.904200   
      1.00000,     80.0000,     4.50000,     35.7210,    0.903900   
      1.00000,     80.0000,     4.75000,     35.7210,    0.903500   
      1.00000,     80.0000,     5.00000,     35.7210,    0.902000   
      1.00000,     80.0000,     5.25000,     35.7210,    0.900500   
      1.00000,     80.0000,     5.50000,     35.7210,    0.899100   
      1.00000,     80.0000,     5.75000,     35.7210,    0.897700   
      1.00000,     80.0000,     6.00000,     35.7210,    0.896400   
      1.00000,     80.0000,     6.25000,     35.7210,    0.895100   
      1.00000,     80.0000,     6.50000,     35.7210,    0.893800   
      1.00000,     80.0000,     6.75000,     35.7210,    0.892500   
      1.00000,     80.0000,     7.00000,     35.7210,    0.891300   
      1.00000,     80.0000,     7.25000,     35.7210,    0.890100   
      1.00000,     80.0000,     7.50000,     35.7210,    0.889000   
      1.00000,     80.0000,     8.00000,     35.7210,    0.886800  ];   
LPT(:,4,:,1)=[       1.00000,     90.0000,     3.00000,     35.2330,    0.897400   
      1.00000,     90.0000,     3.25000,     35.3460,    0.903800   
      1.00000,     90.0000,     3.50000,     35.4230,    0.908400   
      1.00000,     90.0000,     3.75000,     35.4750,    0.912000   
      1.00000,     90.0000,     4.00000,     35.5100,    0.914000   
      1.00000,     90.0000,     4.25000,     35.5340,    0.915600   
      1.00000,     90.0000,     4.50000,     35.5500,    0.916900   
      1.00000,     90.0000,     4.75000,     35.5600,    0.917200   
      1.00000,     90.0000,     5.00000,     35.5670,    0.916800   
      1.00000,     90.0000,     5.25000,     35.5710,    0.916400   
      1.00000,     90.0000,     5.50000,     35.5740,    0.915900   
      1.00000,     90.0000,     5.75000,     35.5750,    0.915300   
      1.00000,     90.0000,     6.00000,     35.5760,    0.914700   
      1.00000,     90.0000,     6.25000,     35.5760,    0.914000   
      1.00000,     90.0000,     6.50000,     35.5760,    0.913400   
      1.00000,     90.0000,     6.75000,     35.5760,    0.912700   
      1.00000,     90.0000,     7.00000,     35.5760,    0.912100   
      1.00000,     90.0000,     7.25000,     35.5760,    0.911400   
      1.00000,     90.0000,     7.50000,     35.5760,    0.910700   
      1.00000,     90.0000,     8.00000,     35.5760,    0.909500  ];   
LPT(:,5,:,1)=[       1.00000,     100.000,     3.00000,     34.9570,    0.885100   
      1.00000,     100.000,     3.25000,     35.0570,    0.895200   
      1.00000,     100.000,     3.50000,     35.1260,    0.902800   
      1.00000,     100.000,     3.75000,     35.1750,    0.908900   
      1.00000,     100.000,     4.00000,     35.2100,    0.913100   
      1.00000,     100.000,     4.25000,     35.2350,    0.916500   
      1.00000,     100.000,     4.50000,     35.2530,    0.919400   
      1.00000,     100.000,     4.75000,     35.2660,    0.920900   
      1.00000,     100.000,     5.00000,     35.2750,    0.921700   
      1.00000,     100.000,     5.25000,     35.2820,    0.922200   
      1.00000,     100.000,     5.50000,     35.2880,    0.922700   
      1.00000,     100.000,     5.75000,     35.2920,    0.923000   
      1.00000,     100.000,     6.00000,     35.2950,    0.923100   
      1.00000,     100.000,     6.25000,     35.2970,    0.923200   
      1.00000,     100.000,     6.50000,     35.2990,    0.923200   
      1.00000,     100.000,     6.75000,     35.3010,    0.923200   
      1.00000,     100.000,     7.00000,     35.3020,    0.923100   
      1.00000,     100.000,     7.25000,     35.3020,    0.923000   
      1.00000,     100.000,     7.50000,     35.3030,    0.922800   
      1.00000,     100.000,     8.00000,     35.3030,    0.922500  ];   
