%mapname = 'HPC'
%maptype = 'RLINE'

%        alpha        speed        Rline        Wcorr           PR          eff  
%mapdata=[ 
%alpha[
HPC(:,1,:,1)=[      0.000000,    0.500000,     1.00000,     5.93800,     2.05340,    0.704800   
     0.000000,    0.500000,     1.20000,     6.16800,     2.00440,    0.712500   
     0.000000,    0.500000,     1.40000,     6.37300,     1.94770,    0.715700   
     0.000000,    0.500000,     1.60000,     6.55200,     1.88360,    0.713800   
     0.000000,    0.500000,     1.80000,     6.70500,     1.81280,    0.705900   
     0.000000,    0.500000,     2.00000,     6.83300,     1.73600,    0.690700   
     0.000000,    0.500000,     2.20000,     6.93800,     1.65060,    0.664200   
     0.000000,    0.500000,     2.40000,     7.01800,     1.55470,    0.620800   
     0.000000,    0.500000,     2.60000,     7.07700,     1.44990,    0.556900   
     0.000000,    0.500000,     2.80000,     7.11400,     1.33810,    0.467200   
     0.000000,    0.500000,     3.00000,     7.13000,     1.22120,    0.344800 ];  
HPC(:,2,:,1)=[      0.000000,    0.600000,     1.00000,     8.16100,     2.80160,    0.720700   
     0.000000,    0.600000,     1.20000,     8.40500,     2.72010,    0.726900   
     0.000000,    0.600000,     1.40000,     8.61700,     2.62740,    0.729400   
     0.000000,    0.600000,     1.60000,     8.79700,     2.52450,    0.727800   
     0.000000,    0.600000,     1.80000,     8.94600,     2.41230,    0.721300   
     0.000000,    0.600000,     2.00000,     9.06400,     2.29210,    0.709300   
     0.000000,    0.600000,     2.20000,     9.15400,     2.16040,    0.688600   
     0.000000,    0.600000,     2.40000,     9.21600,     2.01460,    0.655600   
     0.000000,    0.600000,     2.60000,     9.25100,     1.85740,    0.607900   
     0.000000,    0.600000,     2.80000,     9.26100,     1.69190,    0.542600   
     0.000000,    0.600000,     3.00000,     9.26100,     1.52120,    0.456000 ];  
HPC(:,3,:,1)=[      0.000000,    0.700000,     1.00000,     11.4770,     3.93880,    0.742600   
     0.000000,    0.700000,     1.20000,     11.7210,     3.81160,    0.747600   
     0.000000,    0.700000,     1.40000,     11.9320,     3.66960,    0.749700   
     0.000000,    0.700000,     1.60000,     12.1100,     3.51420,    0.748500   
     0.000000,    0.700000,     1.80000,     12.2550,     3.34690,    0.743500   
     0.000000,    0.700000,     2.00000,     12.3700,     3.16930,    0.734400   
     0.000000,    0.700000,     2.20000,     12.4550,     2.97690,    0.718900   
     0.000000,    0.700000,     2.40000,     12.5120,     2.76620,    0.694300   
     0.000000,    0.700000,     2.60000,     12.5410,     2.54120,    0.659400   
     0.000000,    0.700000,     2.80000,     12.5460,     2.30610,    0.612500   
     0.000000,    0.700000,     3.00000,     12.5460,     2.06530,    0.551600 ];  
HPC(:,4,:,1)=[      0.000000,    0.750000,     1.00000,     14.0510,     4.88740,    0.757300   
     0.000000,    0.750000,     1.20000,     14.3110,     4.72650,    0.762700   
     0.000000,    0.750000,     1.40000,     14.5340,     4.54620,    0.765400   
     0.000000,    0.750000,     1.60000,     14.7210,     4.34860,    0.765000   
     0.000000,    0.750000,     1.80000,     14.8730,     4.13550,    0.761100   
     0.000000,    0.750000,     2.00000,     14.9910,     3.90930,    0.753400   
     0.000000,    0.750000,     2.20000,     15.0770,     3.66390,    0.739900   
     0.000000,    0.750000,     2.40000,     15.1320,     3.39530,    0.718100   
     0.000000,    0.750000,     2.60000,     15.1570,     3.10860,    0.687000   
     0.000000,    0.750000,     2.80000,     15.1590,     2.80940,    0.645300   
     0.000000,    0.750000,     3.00000,     15.1590,     2.50360,    0.591300 ];  
HPC(:,5,:,1)=[      0.000000,    0.800000,     1.00000,     17.4190,     6.15270,    0.776100   
     0.000000,    0.800000,     1.20000,     17.6940,     5.94920,    0.781800   
     0.000000,    0.800000,     1.40000,     17.9280,     5.72100,    0.785000   
     0.000000,    0.800000,     1.60000,     18.1240,     5.47050,    0.785300   
     0.000000,    0.800000,     1.80000,     18.2810,     5.20030,    0.782500   
     0.000000,    0.800000,     2.00000,     18.4020,     4.91320,    0.776200   
     0.000000,    0.800000,     2.20000,     18.4870,     4.60170,    0.764700   
     0.000000,    0.800000,     2.40000,     18.5390,     4.26050,    0.745700   
     0.000000,    0.800000,     2.60000,     18.5580,     3.89640,    0.718500   
     0.000000,    0.800000,     2.80000,     18.5580,     3.51660,    0.681900   
     0.000000,    0.800000,     3.00000,     18.5580,     3.12870,    0.634700 ];  
HPC(:,6,:,1)=[      0.000000,    0.850000,     1.00000,     22.7720,     8.26510,    0.804500   
     0.000000,    0.850000,     1.20000,     23.1030,     7.99840,    0.811600   
     0.000000,    0.850000,     1.40000,     23.3840,     7.69470,    0.816100   
     0.000000,    0.850000,     1.60000,     23.6160,     7.35730,    0.817900   
     0.000000,    0.850000,     1.80000,     23.8010,     6.99020,    0.816600   
     0.000000,    0.850000,     2.00000,     23.9410,     6.59750,    0.812000   
     0.000000,    0.850000,     2.20000,     24.0360,     6.16830,    0.802300   
     0.000000,    0.850000,     2.40000,     24.0890,     5.69510,    0.785400   
     0.000000,    0.850000,     2.60000,     24.1030,     5.18820,    0.760500   
     0.000000,    0.850000,     2.80000,     24.1030,     4.65870,    0.726700   
     0.000000,    0.850000,     3.00000,     24.1030,     4.11790,    0.682900 ];  
HPC(:,7,:,1)=[      0.000000,    0.900000,     1.00000,     30.3130,     11.4693,    0.833300   
     0.000000,    0.900000,     1.20000,     30.7390,     11.1171,    0.842300   
     0.000000,    0.900000,     1.40000,     31.0990,     10.7038,    0.848700   
     0.000000,    0.900000,     1.60000,     31.3920,     10.2349,    0.852200   
     0.000000,    0.900000,     1.80000,     31.6220,     9.71660,    0.852500   
     0.000000,    0.900000,     2.00000,     31.7900,     9.15570,    0.849400   
     0.000000,    0.900000,     2.20000,     31.8990,     8.53510,    0.841000   
     0.000000,    0.900000,     2.40000,     31.9520,     7.84360,    0.825200   
     0.000000,    0.900000,     2.60000,     31.9580,     7.09850,    0.801100   
     0.000000,    0.900000,     2.80000,     31.9580,     6.31830,    0.767900   
     0.000000,    0.900000,     3.00000,     31.9580,     5.52230,    0.724500 ];  
HPC(:,8,:,1)=[      0.000000,    0.925000,     1.00000,     35.6300,     13.8496,    0.843500   
     0.000000,    0.925000,     1.20000,     36.1030,     13.4435,    0.852700   
     0.000000,    0.925000,     1.40000,     36.5000,     12.9614,    0.859400   
     0.000000,    0.925000,     1.60000,     36.8230,     12.4095,    0.863200   
     0.000000,    0.925000,     1.80000,     37.0740,     11.7954,    0.864000   
     0.000000,    0.925000,     2.00000,     37.2560,     11.1274,    0.861500   
     0.000000,    0.925000,     2.20000,     37.3720,     10.3841,    0.853900   
     0.000000,    0.925000,     2.40000,     37.4240,     9.55150,    0.839300   
     0.000000,    0.925000,     2.60000,     37.4280,     8.65080,    0.816800   
     0.000000,    0.925000,     2.80000,     37.4280,     7.70480,    0.785600   
     0.000000,    0.925000,     3.00000,     37.4280,     6.73730,    0.744900 ];  
