%mapname = 'Fan'
%maptype = 'RLINE'

%        alpha        speed        Rline        Wcorr           PR          eff  
%mapdata=[ 
%alpha[
Fan(:,1,:,1)=[      0.000000,    0.300000,     1.00000,     124.894,     1.02820,    0.724200   
     0.000000,    0.300000,     1.20000,     155.806,     1.02880,    0.798600   
     0.000000,    0.300000,     1.40000,     186.109,     1.02860,    0.862600   
     0.000000,    0.300000,     1.60000,     215.691,     1.02770,    0.913300   
     0.000000,    0.300000,     1.80000,     244.447,     1.02600,    0.946400   
     0.000000,    0.300000,     2.00000,     272.277,     1.02350,    0.955800   
     0.000000,    0.300000,     2.20000,     299.090,     1.02020,    0.933500   
     0.000000,    0.300000,     2.40000,     324.804,     1.01630,    0.866300   
     0.000000,    0.300000,     2.60000,     349.343,     1.01160,    0.730200   
     0.000000,    0.300000,     2.80000,     372.642,     1.00630,    0.480200   
     0.000000,    0.300000,     3.00000,     394.646,     1.00020,   0.0212000 ];  
Fan(:,2,:,1)=[      0.000000,    0.400000,     1.00000,     198.399,     1.05100,    0.767200   
     0.000000,    0.400000,     1.20000,     233.323,     1.05160,    0.830900   
     0.000000,    0.400000,     1.40000,     267.062,     1.05100,    0.885100   
     0.000000,    0.400000,     1.60000,     299.466,     1.04930,    0.927600   
     0.000000,    0.400000,     1.80000,     330.398,     1.04650,    0.955000   
     0.000000,    0.400000,     2.00000,     359.737,     1.04260,    0.963000   
     0.000000,    0.400000,     2.20000,     387.377,     1.03760,    0.946000   
     0.000000,    0.400000,     2.40000,     413.230,     1.03150,    0.895600   
     0.000000,    0.400000,     2.60000,     437.227,     1.02450,    0.797500   
     0.000000,    0.400000,     2.80000,     459.313,     1.01650,    0.627800   
     0.000000,    0.400000,     3.00000,     479.453,     1.00750,    0.343400 ];  
Fan(:,3,:,1)=[      0.000000,    0.500000,     1.00000,     269.151,     1.08000,    0.775200   
     0.000000,    0.500000,     1.20000,     308.711,     1.08100,    0.837600   
     0.000000,    0.500000,     1.40000,     346.206,     1.08030,    0.890600   
     0.000000,    0.500000,     1.60000,     381.438,     1.07780,    0.931900   
     0.000000,    0.500000,     1.80000,     414.237,     1.07370,    0.958500   
     0.000000,    0.500000,     2.00000,     444.469,     1.06790,    0.966500   
     0.000000,    0.500000,     2.20000,     472.031,     1.06050,    0.951000   
     0.000000,    0.500000,     2.40000,     496.853,     1.05150,    0.904900   
     0.000000,    0.500000,     2.60000,     518.899,     1.04100,    0.816500   
     0.000000,    0.500000,     2.80000,     538.160,     1.02910,    0.667200   
     0.000000,    0.500000,     3.00000,     554.658,     1.01580,    0.425400 ];  
Fan(:,4,:,1)=[      0.000000,    0.600000,     1.00000,     332.064,     1.11320,    0.747300   
     0.000000,    0.600000,     1.20000,     378.369,     1.11640,    0.819100   
     0.000000,    0.600000,     1.40000,     421.147,     1.11670,    0.880100   
     0.000000,    0.600000,     1.60000,     460.123,     1.11410,    0.927700   
     0.000000,    0.600000,     1.80000,     495.094,     1.10860,    0.958700   
     0.000000,    0.600000,     2.00000,     525.929,     1.10020,    0.968400   
     0.000000,    0.600000,     2.20000,     552.567,     1.08910,    0.951400   
     0.000000,    0.600000,     2.40000,     575.010,     1.07540,    0.899900   
     0.000000,    0.600000,     2.60000,     593.321,     1.05930,    0.800800   
     0.000000,    0.600000,     2.80000,     607.616,     1.04070,    0.633500   
     0.000000,    0.600000,     3.00000,     618.058,     1.01980,    0.363500 ];  
Fan(:,5,:,1)=[      0.000000,    0.700000,     1.00000,     380.323,     1.14570,    0.678300   
     0.000000,    0.700000,     1.20000,     437.927,     1.15550,    0.771800   
     0.000000,    0.700000,     1.40000,     489.352,     1.15980,    0.851600   
     0.000000,    0.700000,     1.60000,     534.176,     1.15870,    0.914500   
     0.000000,    0.700000,     1.80000,     572.165,     1.15210,    0.955800   
     0.000000,    0.700000,     2.00000,     603.253,     1.14020,    0.969400   
     0.000000,    0.700000,     2.20000,     627.537,     1.12310,    0.947700   
     0.000000,    0.700000,     2.40000,     645.250,     1.10130,    0.879600   
     0.000000,    0.700000,     2.60000,     656.740,     1.07500,    0.746200   
     0.000000,    0.700000,     2.80000,     662.447,     1.04440,    0.516400   
     0.000000,    0.700000,     3.00000,     663.306,     1.00970,    0.136400 ];  
Fan(:,6,:,1)=[      0.000000,    0.750000,     1.00000,     406.668,     1.16420,    0.650100   
     0.000000,    0.750000,     1.20000,     470.101,     1.17850,    0.752500   
     0.000000,    0.750000,     1.40000,     525.754,     1.18580,    0.840000   
     0.000000,    0.750000,     1.60000,     573.145,     1.18600,    0.908900   
     0.000000,    0.750000,     1.80000,     612.058,     1.17910,    0.954300   
     0.000000,    0.750000,     2.00000,     642.519,     1.16520,    0.969400   
     0.000000,    0.750000,     2.20000,     664.770,     1.14470,    0.946000   
     0.000000,    0.750000,     2.40000,     679.235,     1.11810,    0.872000   
     0.000000,    0.750000,     2.60000,     686.481,     1.08570,    0.726700   
     0.000000,    0.750000,     2.80000,     687.639,     1.04800,    0.476500   
     0.000000,    0.750000,     3.00000,     687.639,     1.00520,   0.0627000 ];  
Fan(:,7,:,1)=[      0.000000,    0.800000,     1.00000,     429.409,     1.18320,    0.626200   
     0.000000,    0.800000,     1.20000,     499.706,     1.20260,    0.736100   
     0.000000,    0.800000,     1.40000,     560.218,     1.21330,    0.830000   
     0.000000,    0.800000,     1.60000,     610.392,     1.21510,    0.903900   
     0.000000,    0.800000,     1.80000,     650.055,     1.20790,    0.952700   
     0.000000,    0.800000,     2.00000,     679.380,     1.19200,    0.969000   
     0.000000,    0.800000,     2.20000,     698.836,     1.16780,    0.944200   
     0.000000,    0.800000,     2.40000,     709.125,     1.13610,    0.865400   
     0.000000,    0.800000,     2.60000,     711.347,     1.09720,    0.710600   
     0.000000,    0.800000,     2.80000,     711.347,     1.05180,    0.444200   
     0.000000,    0.800000,     3.00000,     711.347,     1.00040,  0.00460000 ];  
Fan(:,8,:,1)=[      0.000000,    0.850000,     1.00000,     464.727,     1.21270,    0.641300   
     0.000000,    0.850000,     1.20000,     538.203,     1.23390,    0.746700   
     0.000000,    0.850000,     1.40000,     600.246,     1.24560,    0.836300   
     0.000000,    0.850000,     1.60000,     650.350,     1.24760,    0.906400   
     0.000000,    0.850000,     1.80000,     688.477,     1.23990,    0.952300   
     0.000000,    0.850000,     2.00000,     715.000,     1.22250,    0.967500   
     0.000000,    0.850000,     2.20000,     730.627,     1.19630,    0.944400   
     0.000000,    0.850000,     2.40000,     736.325,     1.16180,    0.872300   
     0.000000,    0.850000,     2.60000,     736.395,     1.11960,    0.733100   
     0.000000,    0.850000,     2.80000,     736.395,     1.07030,    0.499100   
     0.000000,    0.850000,     3.00000,     736.395,     1.01480,    0.124300 ];  
