%                    %ADDERS AND SCALARS  Compressors     |  Turbines          
    %                          Fan         LPC         HPC        HPT       LPT
    wc_scalar =      [      2.4244      0.8076      0.7290,    0.4069    0.4911
    ]; pr_scalar =   [      1.0001      1.0016      1.0004,    1.5218    0.6518
    ]; ef_scalar =   [      1.0003      1.0015      1.0003,    0.9989    0.9889
    ]; %Nc_Des       [    0.000188    0.000199    0.000077,    0.0186    0.0437
    %effRe           [      1.0117      1.0102      1.0045,    1.0000    1.0000
    %WcRe            [      1.0117      1.0102      1.0045,    1.0000    1.0000
                                                                               
%                                                                              
    %                                                                          
    MaxThrust = 37436.50;                                                      
    MinThrust =  6404.11;                                                      





