%                    %ADDERS AND SCALARS  Compressors     |  Turbines          
    %                          Fan         LPC         HPC        HPT       LPT
    wc_scalar =      [      2.3864      0.8089      0.7288,    0.4069    0.4916
    ]; pr_scalar =   [      1.0002      1.0000      1.0004,    1.5199    0.6525
    ]; ef_scalar =   [      1.0001      1.0001      1.0002,    0.9989    0.9889
    ]; %Nc_Des       [    0.000188    0.000199    0.000077,    0.0186    0.0437
    %effRe           [      1.0116      1.0101      1.0046,    1.0000    1.0000
    %WcRe            [      1.0116      1.0101      1.0046,    1.0000    1.0000
                                                                               
%                                                                              
    %                                                                          
    MaxThrust = 37472.26;                                                      
    MinThrust = 14751.90;                                                      





