%mapname = 'Fan'
%maptype = 'RLINE'

%        alpha        speed        Rline        Wcorr           PR          eff  
%mapdata=[ 
%alpha[
Fan(:,1,:,1)=[      0.000000,    0.300000,     1.00000,     79.1220,     1.05180,    0.577600   
     0.000000,    0.300000,     1.20000,     117.233,     1.05610,    0.686900   
     0.000000,    0.300000,     1.40000,     154.603,     1.05760,    0.782900   
     0.000000,    0.300000,     1.60000,     191.004,     1.05640,    0.860800   
     0.000000,    0.300000,     1.80000,     226.224,     1.05240,    0.912800   
     0.000000,    0.300000,     2.00000,     260.065,     1.04560,    0.926300   
     0.000000,    0.300000,     2.20000,     292.346,     1.03620,    0.883900   
     0.000000,    0.300000,     2.40000,     322.909,     1.02470,    0.751500   
     0.000000,    0.300000,     2.60000,     351.615,     1.01090,    0.442300   
     0.000000,    0.300000,     2.80000,     369.240,     1.00000,    0.000000   
     0.000000,    0.300000,     3.00000,     369.240,     1.00000,    0.000000 ];  
Fan(:,2,:,1)=[      0.000000,    0.400000,     1.00000,     127.620,     1.09510,    0.604600   
     0.000000,    0.400000,     1.20000,     175.154,     1.10210,    0.708300   
     0.000000,    0.400000,     1.40000,     221.018,     1.10450,    0.799000   
     0.000000,    0.400000,     1.60000,     264.808,     1.10210,    0.872100   
     0.000000,    0.400000,     1.80000,     306.163,     1.09510,    0.920700   
     0.000000,    0.400000,     2.00000,     344.772,     1.08360,    0.933800   
     0.000000,    0.400000,     2.20000,     380.373,     1.06790,    0.897300   
     0.000000,    0.400000,     2.40000,     412.764,     1.04850,    0.784800   
     0.000000,    0.400000,     2.60000,     441.795,     1.02570,    0.534000   
     0.000000,    0.400000,     2.80000,     466.182,     1.00000,    0.000000   
     0.000000,    0.400000,     3.00000,     466.182,     1.00000,    0.000000 ];  
Fan(:,3,:,1)=[      0.000000,    0.500000,     1.00000,     180.619,     1.14940,    0.604200   
     0.000000,    0.500000,     1.20000,     237.463,     1.16150,    0.709500   
     0.000000,    0.500000,     1.40000,     291.167,     1.16620,    0.801200   
     0.000000,    0.500000,     1.60000,     341.118,     1.16340,    0.874800   
     0.000000,    0.500000,     1.80000,     386.806,     1.15310,    0.923700   
     0.000000,    0.500000,     2.00000,     427.834,     1.13540,    0.937400   
     0.000000,    0.500000,     2.20000,     463.924,     1.11120,    0.903200   
     0.000000,    0.500000,     2.40000,     494.913,     1.08140,    0.798300   
     0.000000,    0.500000,     2.60000,     520.749,     1.04630,    0.571000   
     0.000000,    0.500000,     2.80000,     541.484,     1.00620,    0.103000   
     0.000000,    0.500000,     3.00000,     543.805,     1.00000,-1.38778e-017 ];  
Fan(:,4,:,1)=[      0.000000,    0.600000,     1.00000,     228.241,     1.20780,    0.567200   
     0.000000,    0.600000,     1.20000,     296.994,     1.23210,    0.684400   
     0.000000,    0.600000,     1.40000,     360.267,     1.24400,    0.786500   
     0.000000,    0.600000,     1.60000,     417.132,     1.24320,    0.868500   
     0.000000,    0.600000,     1.80000,     466.900,     1.22980,    0.923200   
     0.000000,    0.600000,     2.00000,     509.134,     1.20410,    0.939500   
     0.000000,    0.600000,     2.20000,     543.643,     1.16750,    0.903800   
     0.000000,    0.600000,     2.40000,     570.464,     1.12180,    0.792500   
     0.000000,    0.600000,     2.60000,     589.832,     1.06770,    0.553100   
     0.000000,    0.600000,     2.80000,     602.153,     1.00630,   0.0688000   
     0.000000,    0.600000,     3.00000,     602.976,     1.00000,    0.000000 ];  
Fan(:,5,:,1)=[      0.000000,    0.700000,     1.00000,     246.930,     1.23430,    0.445200   
     0.000000,    0.700000,     1.20000,     337.300,     1.29410,    0.599000   
     0.000000,    0.700000,     1.40000,     417.986,     1.33080,    0.733600   
     0.000000,    0.700000,     1.60000,     487.258,     1.34310,    0.842800   
     0.000000,    0.700000,     1.80000,     544.038,     1.33040,    0.916800   
     0.000000,    0.700000,     2.00000,     587.898,     1.29330,    0.940600   
     0.000000,    0.700000,     2.20000,     619.003,     1.23500,    0.895500   
     0.000000,    0.700000,     2.40000,     638.019,     1.15960,    0.747800   
     0.000000,    0.700000,     2.60000,     645.992,     1.06950,    0.420000   
     0.000000,    0.700000,     2.80000,     646.421,     1.00000,    0.000000   
     0.000000,    0.700000,     3.00000,     646.421,     1.00000,    0.000000 ];  
Fan(:,6,:,1)=[      0.000000,    0.750000,     1.00000,     248.227,     1.23670,    0.378300   
     0.000000,    0.750000,     1.20000,     353.450,     1.32490,    0.552200   
     0.000000,    0.750000,     1.40000,     446.139,     1.38280,    0.704700   
     0.000000,    0.750000,     1.60000,     523.880,     1.40750,    0.828500   
     0.000000,    0.750000,     1.80000,     585.302,     1.39760,    0.912900   
     0.000000,    0.750000,     2.00000,     630.053,     1.35370,    0.940800   
     0.000000,    0.750000,     2.20000,     658.680,     1.28070,    0.891000   
     0.000000,    0.750000,     2.40000,     672.442,     1.18440,    0.725300   
     0.000000,    0.750000,     2.60000,     674.298,     1.06930,    0.354900   
     0.000000,    0.750000,     2.80000,     674.298,     1.00000,    0.000000   
     0.000000,    0.750000,     3.00000,     674.298,     1.00000,    0.000000 ];  
Fan(:,7,:,1)=[      0.000000,    0.800000,     1.00000,     252.132,     1.24400,    0.335600   
     0.000000,    0.800000,     1.20000,     371.896,     1.36030,    0.522600   
     0.000000,    0.800000,     1.40000,     475.915,     1.43990,    0.686400   
     0.000000,    0.800000,     1.60000,     561.028,     1.47760,    0.819500   
     0.000000,    0.800000,     1.80000,     625.627,     1.47090,    0.910200   
     0.000000,    0.800000,     2.00000,     669.589,     1.42040,    0.940500   
     0.000000,    0.800000,     2.20000,     694.050,     1.33250,    0.888400   
     0.000000,    0.800000,     2.40000,     701.095,     1.21550,    0.714200   
     0.000000,    0.800000,     2.60000,     701.095,     1.07570,    0.327500   
     0.000000,    0.800000,     2.80000,     701.095,     1.00000,    0.000000   
     0.000000,    0.800000,     3.00000,     701.095,     1.00000,    0.000000 ];  
Fan(:,8,:,1)=[      0.000000,    0.850000,     1.00000,     288.901,     1.31190,    0.376700   
     0.000000,    0.850000,     1.20000,     414.212,     1.43690,    0.552800   
     0.000000,    0.850000,     1.40000,     521.086,     1.52220,    0.706000   
     0.000000,    0.850000,     1.60000,     606.345,     1.56220,    0.829100   
     0.000000,    0.850000,     1.80000,     668.650,     1.55430,    0.912000   
     0.000000,    0.850000,     2.00000,     708.352,     1.49890,    0.939200   
     0.000000,    0.850000,     2.20000,     727.163,     1.40330,    0.893100   
     0.000000,    0.850000,     2.40000,     729.547,     1.27660,    0.744200   
     0.000000,    0.850000,     2.60000,     729.547,     1.12570,    0.428100   
     0.000000,    0.850000,     2.80000,     729.547,     1.00000,-5.55112e-017   
     0.000000,    0.850000,     3.00000,     729.547,     1.00000,    0.000000 ];  
