%mapname = 'LPC'
%maptype = 'RLINE'

%        alpha        speed        Rline        Wcorr           PR          eff  
%mapdata=[ 
%alpha[
LPC(:,1,:,1)=[      0.000000,    0.300000,     1.00000,     17.9070,     1.06780,    0.806900   
     0.000000,    0.300000,     1.20000,     19.3400,     1.06490,    0.829100   
     0.000000,    0.300000,     1.40000,     20.7500,     1.06130,    0.846000   
     0.000000,    0.300000,     1.60000,     22.1360,     1.05710,    0.856500   
     0.000000,    0.300000,     1.80000,     23.4980,     1.05220,    0.858500   
     0.000000,    0.300000,     2.00000,     24.8330,     1.04680,    0.849600   
     0.000000,    0.300000,     2.20000,     26.1410,     1.04020,    0.816900   
     0.000000,    0.300000,     2.40000,     27.4200,     1.03220,    0.740900   
     0.000000,    0.300000,     2.60000,     28.6690,     1.02270,    0.602100   
     0.000000,    0.300000,     2.80000,     29.8870,     1.01170,    0.367300   
     0.000000,    0.300000,     3.00000,     31.0110,     1.00000,    0.000000 ];  
LPC(:,2,:,1)=[      0.000000,    0.400000,     1.00000,     24.9510,     1.12390,    0.822900   
     0.000000,    0.400000,     1.20000,     26.7430,     1.11860,    0.845300   
     0.000000,    0.400000,     1.40000,     28.4860,     1.11220,    0.862700   
     0.000000,    0.400000,     1.60000,     30.1770,     1.10470,    0.874000   
     0.000000,    0.400000,     1.80000,     31.8150,     1.09620,    0.877400   
     0.000000,    0.400000,     2.00000,     33.3970,     1.08650,    0.870700   
     0.000000,    0.400000,     2.20000,     34.9210,     1.07510,    0.841800   
     0.000000,    0.400000,     2.40000,     36.3850,     1.06100,    0.773100   
     0.000000,    0.400000,     2.60000,     37.7880,     1.04450,    0.647600   
     0.000000,    0.400000,     2.80000,     39.1290,     1.02560,    0.437100   
     0.000000,    0.400000,     3.00000,     40.4050,     1.00450,   0.0915000 ];  
LPC(:,3,:,1)=[      0.000000,    0.500000,     1.00000,     32.6830,     1.19940,    0.841100   
     0.000000,    0.500000,     1.20000,     34.7160,     1.19100,    0.863000   
     0.000000,    0.500000,     1.40000,     36.6630,     1.18090,    0.880400   
     0.000000,    0.500000,     1.60000,     38.5210,     1.16910,    0.892000   
     0.000000,    0.500000,     1.80000,     40.2870,     1.15580,    0.896500   
     0.000000,    0.500000,     2.00000,     41.9580,     1.14090,    0.891700   
     0.000000,    0.500000,     2.20000,     43.5340,     1.12330,    0.867000   
     0.000000,    0.500000,     2.40000,     45.0110,     1.10200,    0.806400   
     0.000000,    0.500000,     2.60000,     46.3900,     1.07710,    0.695800   
     0.000000,    0.500000,     2.80000,     47.6690,     1.04880,    0.512300   
     0.000000,    0.500000,     3.00000,     48.8490,     1.01730,    0.216800 ];  
LPC(:,4,:,1)=[      0.000000,    0.600000,     1.00000,     40.9280,     1.29810,    0.856400   
     0.000000,    0.600000,     1.20000,     43.1160,     1.28550,    0.878200   
     0.000000,    0.600000,     1.40000,     45.1690,     1.27060,    0.895600   
     0.000000,    0.600000,     1.60000,     47.0840,     1.25330,    0.907600   
     0.000000,    0.600000,     1.80000,     48.8590,     1.23390,    0.913000   
     0.000000,    0.600000,     2.00000,     50.4920,     1.21220,    0.909800   
     0.000000,    0.600000,     2.20000,     51.9830,     1.18690,    0.888200   
     0.000000,    0.600000,     2.40000,     53.3320,     1.15630,    0.833600   
     0.000000,    0.600000,     2.60000,     54.5390,     1.12090,    0.733900   
     0.000000,    0.600000,     2.80000,     55.6070,     1.08100,    0.569500   
     0.000000,    0.600000,     3.00000,     56.5380,     1.03700,    0.308300 ];  
LPC(:,5,:,1)=[      0.000000,    0.700000,     1.00000,     49.8510,     1.42890,    0.866100   
     0.000000,    0.700000,     1.20000,     52.1230,     1.41100,    0.887900   
     0.000000,    0.700000,     1.40000,     54.1950,     1.38990,    0.905400   
     0.000000,    0.700000,     1.60000,     56.0680,     1.36550,    0.917800   
     0.000000,    0.700000,     1.80000,     57.7410,     1.33800,    0.923900   
     0.000000,    0.700000,     2.00000,     59.2160,     1.30760,    0.921800   
     0.000000,    0.700000,     2.20000,     60.4940,     1.27200,    0.902300   
     0.000000,    0.700000,     2.40000,     61.5810,     1.22940,    0.851900   
     0.000000,    0.700000,     2.60000,     62.4800,     1.18040,    0.759900   
     0.000000,    0.700000,     2.80000,     63.1970,     1.12540,    0.609600   
     0.000000,    0.700000,     3.00000,     63.7390,     1.06540,    0.373900 ];  
LPC(:,6,:,1)=[      0.000000,    0.750000,     1.00000,     54.7990,     1.51180,    0.869800   
     0.000000,    0.750000,     1.20000,     57.0670,     1.49090,    0.891600   
     0.000000,    0.750000,     1.40000,     59.0990,     1.46610,    0.909200   
     0.000000,    0.750000,     1.60000,     60.8980,     1.43750,    0.921700   
     0.000000,    0.750000,     1.80000,     62.4630,     1.40520,    0.928000   
     0.000000,    0.750000,     2.00000,     63.8000,     1.36950,    0.926400   
     0.000000,    0.750000,     2.20000,     64.9140,     1.32780,    0.907800   
     0.000000,    0.750000,     2.40000,     65.8100,     1.27790,    0.859700   
     0.000000,    0.750000,     2.60000,     66.4970,     1.22050,    0.772000   
     0.000000,    0.750000,     2.80000,     66.9840,     1.15650,    0.629600   
     0.000000,    0.750000,     3.00000,     67.2790,     1.08680,    0.408900 ];  
LPC(:,7,:,1)=[      0.000000,    0.800000,     1.00000,     60.0520,     1.60700,    0.874200   
     0.000000,    0.800000,     1.20000,     62.2530,     1.58270,    0.895600   
     0.000000,    0.800000,     1.40000,     64.1850,     1.55380,    0.912900   
     0.000000,    0.800000,     1.60000,     65.8510,     1.52050,    0.925200   
     0.000000,    0.800000,     1.80000,     67.2560,     1.48300,    0.931500   
     0.000000,    0.800000,     2.00000,     68.4050,     1.44160,    0.930300   
     0.000000,    0.800000,     2.20000,     69.3080,     1.39340,    0.913000   
     0.000000,    0.800000,     2.40000,     69.9740,     1.33580,    0.867700   
     0.000000,    0.800000,     2.60000,     70.4130,     1.26970,    0.785700   
     0.000000,    0.800000,     2.80000,     70.6380,     1.19620,    0.653800   
     0.000000,    0.800000,     3.00000,     70.6760,     1.11650,    0.451800 ];  
LPC(:,8,:,1)=[      0.000000,    0.850000,     1.00000,     65.3140,     1.71590,    0.883500   
     0.000000,    0.850000,     1.20000,     67.4270,     1.68810,    0.902500   
     0.000000,    0.850000,     1.40000,     69.2630,     1.65540,    0.917800   
     0.000000,    0.850000,     1.60000,     70.8240,     1.61820,    0.928600   
     0.000000,    0.850000,     1.80000,     72.1190,     1.57670,    0.934100   
     0.000000,    0.850000,     2.00000,     73.1540,     1.53110,    0.933000   
     0.000000,    0.850000,     2.20000,     73.9390,     1.47840,    0.918200   
     0.000000,    0.850000,     2.40000,     74.4850,     1.41600,    0.880300   
     0.000000,    0.850000,     2.60000,     74.8030,     1.34480,    0.812700   
     0.000000,    0.850000,     2.80000,     74.9070,     1.26600,    0.706500   
     0.000000,    0.850000,     3.00000,     74.9070,     1.18080,    0.548500 ];  
