%mapname = 'Fan'
%maptype = 'RLINE'

%        alpha        speed        Rline        Wcorr           PR          eff  
%mapdata=[ 
%alpha[
Fan(:,1,:,1)=[      0.000000,    0.300000,     1.00000,     121.798,     1.05460,    0.693100   
     0.000000,    0.300000,     1.20000,     150.896,     1.05580,    0.767200   
     0.000000,    0.300000,     1.40000,     179.423,     1.05530,    0.830600   
     0.000000,    0.300000,     1.60000,     207.276,     1.05320,    0.880200   
     0.000000,    0.300000,     1.80000,     234.359,     1.04940,    0.911200   
     0.000000,    0.300000,     2.00000,     260.582,     1.04400,    0.916700   
     0.000000,    0.300000,     2.20000,     285.861,     1.03720,    0.888700   
     0.000000,    0.300000,     2.40000,     310.120,     1.02900,    0.813800   
     0.000000,    0.300000,     2.60000,     333.292,     1.01960,    0.663400   
     0.000000,    0.300000,     2.80000,     355.315,     1.00890,    0.379100   
     0.000000,    0.300000,     3.00000,     369.554,     1.00000,    0.000000 ];  
Fan(:,2,:,1)=[      0.000000,    0.400000,     1.00000,     194.867,     1.10020,    0.741800   
     0.000000,    0.400000,     1.20000,     227.417,     1.10100,    0.803300   
     0.000000,    0.400000,     1.40000,     258.873,     1.09940,    0.855200   
     0.000000,    0.400000,     1.60000,     289.101,     1.09550,    0.895300   
     0.000000,    0.400000,     1.80000,     317.982,     1.08920,    0.919900   
     0.000000,    0.400000,     2.00000,     345.407,     1.08070,    0.924100   
     0.000000,    0.400000,     2.20000,     371.285,     1.07020,    0.903000   
     0.000000,    0.400000,     2.40000,     395.536,     1.05780,    0.848900   
     0.000000,    0.400000,     2.60000,     418.098,     1.04360,    0.746100   
     0.000000,    0.400000,     2.80000,     438.921,     1.02780,    0.567200   
     0.000000,    0.400000,     3.00000,     457.973,     1.01020,    0.259100 ];  
Fan(:,3,:,1)=[      0.000000,    0.500000,     1.00000,     265.639,     1.15930,    0.751700   
     0.000000,    0.500000,     1.20000,     302.320,     1.16060,    0.811200   
     0.000000,    0.500000,     1.40000,     337.109,     1.15840,    0.861300   
     0.000000,    0.500000,     1.60000,     369.834,     1.15270,    0.899700   
     0.000000,    0.500000,     1.80000,     400.352,     1.14340,    0.923300   
     0.000000,    0.500000,     2.00000,     428.543,     1.13070,    0.927700   
     0.000000,    0.500000,     2.20000,     454.320,     1.11490,    0.908900   
     0.000000,    0.500000,     2.40000,     477.621,     1.09640,    0.860700   
     0.000000,    0.500000,     2.60000,     498.412,     1.07530,    0.771200   
     0.000000,    0.500000,     2.80000,     516.684,     1.05170,    0.620100   
     0.000000,    0.500000,     3.00000,     532.454,     1.02580,    0.372000 ];  
Fan(:,4,:,1)=[      0.000000,    0.600000,     1.00000,     330.651,     1.23130,    0.732200   
     0.000000,    0.600000,     1.20000,     373.304,     1.23630,    0.798500   
     0.000000,    0.600000,     1.40000,     412.750,     1.23530,    0.854300   
     0.000000,    0.600000,     1.60000,     448.759,     1.22830,    0.897300   
     0.000000,    0.600000,     1.80000,     481.163,     1.21540,    0.924000   
     0.000000,    0.600000,     2.00000,     509.851,     1.19680,    0.929700   
     0.000000,    0.600000,     2.20000,     534.772,     1.17300,    0.910300   
     0.000000,    0.600000,     2.40000,     555.926,     1.14490,    0.859600   
     0.000000,    0.600000,     2.60000,     573.366,     1.11250,    0.765000   
     0.000000,    0.600000,     2.80000,     587.188,     1.07640,    0.606300   
     0.000000,    0.600000,     3.00000,     597.527,     1.03660,    0.348300 ];  
Fan(:,5,:,1)=[      0.000000,    0.700000,     1.00000,     380.373,     1.30420,    0.664100   
     0.000000,    0.700000,     1.20000,     433.991,     1.32320,    0.751900   
     0.000000,    0.700000,     1.40000,     481.896,     1.33060,    0.826400   
     0.000000,    0.700000,     1.60000,     523.737,     1.32610,    0.884400   
     0.000000,    0.700000,     1.80000,     559.314,     1.31000,    0.921300   
     0.000000,    0.700000,     2.00000,     588.581,     1.28250,    0.930800   
     0.000000,    0.700000,     2.20000,     611.622,     1.24500,    0.907100   
     0.000000,    0.700000,     2.40000,     628.643,     1.19920,    0.841200   
     0.000000,    0.700000,     2.60000,     639.949,     1.14570,    0.715100   
     0.000000,    0.700000,     2.80000,     645.924,     1.08540,    0.498800   
     0.000000,    0.700000,     3.00000,     647.172,     1.01930,    0.138100 ];  
Fan(:,6,:,1)=[      0.000000,    0.750000,     1.00000,     408.375,     1.34790,    0.635700   
     0.000000,    0.750000,     1.20000,     467.955,     1.37750,    0.732500   
     0.000000,    0.750000,     1.40000,     520.262,     1.39170,    0.814800   
     0.000000,    0.750000,     1.60000,     564.887,     1.39010,    0.878900   
     0.000000,    0.750000,     1.80000,     601.650,     1.37280,    0.919900   
     0.000000,    0.750000,     2.00000,     630.584,     1.34020,    0.931000   
     0.000000,    0.750000,     2.20000,     651.910,     1.29440,    0.905900   
     0.000000,    0.750000,     2.40000,     666.009,     1.23760,    0.835000   
     0.000000,    0.750000,     2.60000,     673.385,     1.17080,    0.699200   
     0.000000,    0.750000,     2.80000,     674.866,     1.09560,    0.466500   
     0.000000,    0.750000,     3.00000,     674.866,     1.01330,   0.0800000 ];  
Fan(:,7,:,1)=[      0.000000,    0.800000,     1.00000,     432.495,     1.39350,    0.610900   
     0.000000,    0.800000,     1.20000,     499.118,     1.43560,    0.715500   
     0.000000,    0.800000,     1.40000,     556.491,     1.45810,    0.804500   
     0.000000,    0.800000,     1.60000,     604.138,     1.46020,    0.873800   
     0.000000,    0.800000,     1.80000,     641.921,     1.44200,    0.918300   
     0.000000,    0.800000,     2.00000,     670.011,     1.40400,    0.930700   
     0.000000,    0.800000,     2.20000,     688.838,     1.34880,    0.904400   
     0.000000,    0.800000,     2.40000,     699.045,     1.27970,    0.829400   
     0.000000,    0.800000,     2.60000,     701.536,     1.19820,    0.685800   
     0.000000,    0.800000,     2.80000,     701.536,     1.10650,    0.440300   
     0.000000,    0.800000,     3.00000,     701.536,     1.00680,   0.0347000 ];  
Fan(:,8,:,1)=[      0.000000,    0.850000,     1.00000,     470.522,     1.46530,    0.626100   
     0.000000,    0.850000,     1.20000,     540.248,     1.51260,    0.726200   
     0.000000,    0.850000,     1.40000,     599.144,     1.53810,    0.810800   
     0.000000,    0.850000,     1.60000,     646.786,     1.54090,    0.876300   
     0.000000,    0.850000,     1.80000,     683.165,     1.52090,    0.917900   
     0.000000,    0.850000,     2.00000,     708.637,     1.47890,    0.929400   
     0.000000,    0.850000,     2.20000,     723.856,     1.41780,    0.905200   
     0.000000,    0.850000,     2.40000,     729.705,     1.34130,    0.837600   
     0.000000,    0.850000,     2.60000,     729.841,     1.25130,    0.710500   
     0.000000,    0.850000,     2.80000,     729.841,     1.15010,    0.499200   
     0.000000,    0.850000,     3.00000,     729.841,     1.04060,    0.162500 ];  
