%mapname = 'LPC'
%maptype = 'RLINE'

%        alpha        speed        Rline        Wcorr           PR          eff  
%mapdata=[ 
%alpha[
LPC(:,1,:,1)=[      0.000000,    0.300000,     1.00000,     14.3680,     1.07570,    0.750000   
     0.000000,    0.300000,     1.20000,     16.5040,     1.07330,    0.794100   
     0.000000,    0.300000,     1.40000,     18.6000,     1.06940,    0.830700   
     0.000000,    0.300000,     1.60000,     20.6480,     1.06420,    0.857400   
     0.000000,    0.300000,     1.80000,     22.6460,     1.05750,    0.870100   
     0.000000,    0.300000,     2.00000,     24.5890,     1.04950,    0.862700   
     0.000000,    0.300000,     2.20000,     26.4720,     1.03910,    0.803200   
     0.000000,    0.300000,     2.40000,     28.2910,     1.02530,    0.632400   
     0.000000,    0.300000,     2.60000,     30.0440,     1.00820,    0.260900   
     0.000000,    0.300000,     2.80000,     30.7630,     1.00000,    0.000000   
     0.000000,    0.300000,     3.00000,     30.7630,     1.00000,    0.000000 ];  
LPC(:,2,:,1)=[      0.000000,    0.400000,     1.00000,     20.2600,     1.13830,    0.763800   
     0.000000,    0.400000,     1.20000,     23.0250,     1.13390,    0.808500   
     0.000000,    0.400000,     1.40000,     25.6950,     1.12700,    0.846000   
     0.000000,    0.400000,     1.60000,     28.2590,     1.11760,    0.873800   
     0.000000,    0.400000,     1.80000,     30.7110,     1.10570,    0.888400   
     0.000000,    0.400000,     2.00000,     33.0420,     1.09150,    0.883800   
     0.000000,    0.400000,     2.20000,     35.2450,     1.07300,    0.829700   
     0.000000,    0.400000,     2.40000,     37.3150,     1.04860,    0.670500   
     0.000000,    0.400000,     2.60000,     39.2480,     1.01860,    0.325700   
     0.000000,    0.400000,     2.80000,     40.2440,     1.00000,    0.000000   
     0.000000,    0.400000,     3.00000,     40.2440,     1.00000,    0.000000 ];  
LPC(:,3,:,1)=[      0.000000,    0.500000,     1.00000,     26.6910,     1.22370,    0.776600   
     0.000000,    0.500000,     1.20000,     30.0430,     1.21670,    0.822300   
     0.000000,    0.500000,     1.40000,     33.2140,     1.20560,    0.860900   
     0.000000,    0.500000,     1.60000,     36.1880,     1.19050,    0.890200   
     0.000000,    0.500000,     1.80000,     38.9550,     1.17160,    0.906800   
     0.000000,    0.500000,     2.00000,     41.5030,     1.14880,    0.905000   
     0.000000,    0.500000,     2.20000,     43.8270,     1.11950,    0.855200   
     0.000000,    0.500000,     2.40000,     45.9210,     1.08110,    0.704200   
     0.000000,    0.500000,     2.60000,     47.7840,     1.03420,    0.376500   
     0.000000,    0.500000,     2.80000,     48.8580,     1.00000,    0.000000   
     0.000000,    0.500000,     3.00000,     48.8580,     1.00000,    0.000000 ];  
LPC(:,4,:,1)=[      0.000000,    0.600000,     1.00000,     33.3350,     1.33700,    0.781400   
     0.000000,    0.600000,     1.20000,     37.3400,     1.32710,    0.829900   
     0.000000,    0.600000,     1.40000,     41.0250,     1.31070,    0.871300   
     0.000000,    0.600000,     1.60000,     44.3720,     1.28800,    0.903400   
     0.000000,    0.600000,     1.80000,     47.3660,     1.25920,    0.922600   
     0.000000,    0.600000,     2.00000,     49.9980,     1.22460,    0.923500   
     0.000000,    0.600000,     2.20000,     52.2660,     1.17990,    0.875300   
     0.000000,    0.600000,     2.40000,     54.1700,     1.12150,    0.722900   
     0.000000,    0.600000,     2.60000,     55.7180,     1.05090,    0.387700   
     0.000000,    0.600000,     2.80000,     56.5300,     1.00000,    0.000000   
     0.000000,    0.600000,     3.00000,     56.5300,     1.00000,    0.000000 ];  
LPC(:,5,:,1)=[      0.000000,    0.700000,     1.00000,     40.5050,     1.48740,    0.777900   
     0.000000,    0.700000,     1.20000,     45.2570,     1.47530,    0.830300   
     0.000000,    0.700000,     1.40000,     49.4780,     1.45270,    0.875400   
     0.000000,    0.700000,     1.60000,     53.1430,     1.42010,    0.910900   
     0.000000,    0.700000,     1.80000,     56.2420,     1.37800,    0.933100   
     0.000000,    0.700000,     2.00000,     58.7760,     1.32690,    0.936100   
     0.000000,    0.700000,     2.20000,     60.7560,     1.26050,    0.887800   
     0.000000,    0.700000,     2.40000,     62.2020,     1.17350,    0.729600   
     0.000000,    0.700000,     2.60000,     63.1440,     1.06950,    0.378400   
     0.000000,    0.700000,     2.80000,     63.4820,     1.00000,    0.000000   
     0.000000,    0.700000,     3.00000,     63.4820,     1.00000,    0.000000 ];  
LPC(:,6,:,1)=[      0.000000,    0.750000,     1.00000,     44.5310,     1.58140,    0.774100   
     0.000000,    0.750000,     1.20000,     49.6790,     1.56900,    0.828700   
     0.000000,    0.750000,     1.40000,     54.1520,     1.54330,    0.876000   
     0.000000,    0.750000,     1.60000,     57.9280,     1.50500,    0.913200   
     0.000000,    0.750000,     1.80000,     61.0020,     1.45470,    0.936800   
     0.000000,    0.750000,     2.00000,     63.3860,     1.39320,    0.941000   
     0.000000,    0.750000,     2.20000,     65.1040,     1.31270,    0.892400   
     0.000000,    0.750000,     2.40000,     66.1940,     1.20720,    0.731500   
     0.000000,    0.750000,     2.60000,     66.7010,     1.08170,    0.374600   
     0.000000,    0.750000,     2.80000,     66.7530,     1.00000,    0.000000   
     0.000000,    0.750000,     3.00000,     66.7530,     1.00000,    0.000000 ];  
LPC(:,7,:,1)=[      0.000000,    0.800000,     1.00000,     48.3860,     1.69010,    0.765800   
     0.000000,    0.800000,     1.20000,     54.0610,     1.67880,    0.823900   
     0.000000,    0.800000,     1.40000,     58.8700,     1.65050,    0.874200   
     0.000000,    0.800000,     1.60000,     62.7930,     1.60560,    0.914100   
     0.000000,    0.800000,     1.80000,     65.8340,     1.54530,    0.939700   
     0.000000,    0.800000,     2.00000,     68.0230,     1.47080,    0.945000   
     0.000000,    0.800000,     2.20000,     69.4050,     1.37220,    0.894800   
     0.000000,    0.800000,     2.40000,     70.0430,     1.24260,    0.726300   
     0.000000,    0.800000,     2.60000,     70.1060,     1.08940,    0.351000   
     0.000000,    0.800000,     2.80000,     70.1060,     1.00000,    0.000000   
     0.000000,    0.800000,     3.00000,     70.1060,     1.00000,    0.000000 ];  
LPC(:,8,:,1)=[      0.000000,    0.850000,     1.00000,     52.9170,     1.81970,    0.777900   
     0.000000,    0.850000,     1.20000,     58.8370,     1.80590,    0.833300   
     0.000000,    0.850000,     1.40000,     63.7920,     1.77280,    0.881000   
     0.000000,    0.850000,     1.60000,     67.7650,     1.72120,    0.918700   
     0.000000,    0.850000,     1.80000,     70.7720,     1.65220,    0.942800   
     0.000000,    0.850000,     2.00000,     72.8500,     1.56750,    0.947900   
     0.000000,    0.850000,     2.20000,     74.0600,     1.45610,    0.903000   
     0.000000,    0.850000,     2.40000,     74.4740,     1.31060,    0.754700   
     0.000000,    0.850000,     2.60000,     74.4750,     1.13970,    0.435400   
     0.000000,    0.850000,     2.80000,     74.4750,     1.00000,-5.55112e-017   
     0.000000,    0.850000,     3.00000,     74.4750,     1.00000,    0.000000 ];  
