%mapname = 'HPC'
%maptype = 'RLINE'

%        alpha        speed        Rline        Wcorr           PR          eff  
%mapdata=[ 
%alpha[
HPC(:,1,:,1)=[      0.000000,    0.500000,     1.00000,     6.64900,     1.69750,    0.688000   
     0.000000,    0.500000,     1.20000,     7.06800,     1.66940,    0.711200   
     0.000000,    0.500000,     1.40000,     7.45600,     1.63060,    0.727200   
     0.000000,    0.500000,     1.60000,     7.81400,     1.58160,    0.734100   
     0.000000,    0.500000,     1.80000,     8.14000,     1.52320,    0.729600   
     0.000000,    0.500000,     2.00000,     8.43400,     1.45610,    0.710200   
     0.000000,    0.500000,     2.20000,     8.69700,     1.37820,    0.666500   
     0.000000,    0.500000,     2.40000,     8.92800,     1.28820,    0.584000   
     0.000000,    0.500000,     2.60000,     9.12700,     1.18820,    0.447000   
     0.000000,    0.500000,     2.80000,     9.29700,     1.08040,    0.229200   
     0.000000,    0.500000,     3.00000,     9.39900,     1.00000,-2.77556e-017 ];  
HPC(:,2,:,1)=[      0.000000,    0.600000,     1.00000,     8.93400,     2.15210,    0.696900   
     0.000000,    0.600000,     1.20000,     9.43000,     2.10910,    0.721700   
     0.000000,    0.600000,     1.40000,     9.87500,     2.04750,    0.739300   
     0.000000,    0.600000,     1.60000,     10.2670,     1.96840,    0.748000   
     0.000000,    0.600000,     1.80000,     10.6070,     1.87340,    0.745800   
     0.000000,    0.600000,     2.00000,     10.8960,     1.76440,    0.729400   
     0.000000,    0.600000,     2.20000,     11.1340,     1.63840,    0.690200   
     0.000000,    0.600000,     2.40000,     11.3240,     1.49390,    0.615200   
     0.000000,    0.600000,     2.60000,     11.4660,     1.33570,    0.491000   
     0.000000,    0.600000,     2.80000,     11.5640,     1.16870,    0.296500   
     0.000000,    0.600000,     3.00000,     11.6190,     1.00000,    0.000000 ];  
HPC(:,3,:,1)=[      0.000000,    0.700000,     1.00000,     12.2040,     2.85670,    0.722400   
     0.000000,    0.700000,     1.20000,     12.7070,     2.78770,    0.743800   
     0.000000,    0.700000,     1.40000,     13.1440,     2.69280,    0.758900   
     0.000000,    0.700000,     1.60000,     13.5150,     2.57410,    0.766600   
     0.000000,    0.700000,     1.80000,     13.8200,     2.43390,    0.765300   
     0.000000,    0.700000,     2.00000,     14.0620,     2.27520,    0.753000   
     0.000000,    0.700000,     2.20000,     14.2440,     2.09440,    0.723400   
     0.000000,    0.700000,     2.40000,     14.3680,     1.88980,    0.667800   
     0.000000,    0.700000,     2.60000,     14.4370,     1.66850,    0.578800   
     0.000000,    0.700000,     2.80000,     14.4550,     1.43820,    0.445400   
     0.000000,    0.700000,     3.00000,     14.4550,     1.20660,    0.251600 ];  
HPC(:,4,:,1)=[      0.000000,    0.750000,     1.00000,     14.4520,     3.39210,    0.732400   
     0.000000,    0.750000,     1.20000,     15.0210,     3.31040,    0.754900   
     0.000000,    0.750000,     1.40000,     15.5060,     3.19400,    0.771200   
     0.000000,    0.750000,     1.60000,     15.9100,     3.04560,    0.780200   
     0.000000,    0.750000,     1.80000,     16.2350,     2.86880,    0.780500   
     0.000000,    0.750000,     2.00000,     16.4830,     2.66770,    0.770200   
     0.000000,    0.750000,     2.20000,     16.6580,     2.43780,    0.743200   
     0.000000,    0.750000,     2.40000,     16.7640,     2.17760,    0.691400   
     0.000000,    0.750000,     2.60000,     16.8050,     1.89730,    0.608300   
     0.000000,    0.750000,     2.80000,     16.8060,     1.60770,    0.484200   
     0.000000,    0.750000,     3.00000,     16.8060,     1.31990,    0.305600 ];  
HPC(:,5,:,1)=[      0.000000,    0.800000,     1.00000,     17.6070,     4.16640,    0.745700   
     0.000000,    0.800000,     1.20000,     18.2790,     4.07030,    0.769800   
     0.000000,    0.800000,     1.40000,     18.8430,     3.92580,    0.787800   
     0.000000,    0.800000,     1.60000,     19.3020,     3.73660,    0.798500   
     0.000000,    0.800000,     1.80000,     19.6590,     3.50780,    0.800700   
     0.000000,    0.800000,     2.00000,     19.9190,     3.24550,    0.792600   
     0.000000,    0.800000,     2.20000,     20.0860,     2.94380,    0.768300   
     0.000000,    0.800000,     2.40000,     20.1660,     2.60190,    0.720200   
     0.000000,    0.800000,     2.60000,     20.1750,     2.23480,    0.642300   
     0.000000,    0.800000,     2.80000,     20.1750,     1.85830,    0.526300   
     0.000000,    0.800000,     3.00000,     20.1750,     1.48860,    0.360500 ];  
HPC(:,6,:,1)=[      0.000000,    0.850000,     1.00000,     22.9690,     5.55270,    0.758700   
     0.000000,    0.850000,     1.20000,     23.9560,     5.47050,    0.789700   
     0.000000,    0.850000,     1.40000,     24.7740,     5.30030,    0.813900   
     0.000000,    0.850000,     1.60000,     25.4270,     5.04810,    0.830000   
     0.000000,    0.850000,     1.80000,     25.9210,     4.72270,    0.836700   
     0.000000,    0.850000,     2.00000,     26.2630,     4.33550,    0.832000   
     0.000000,    0.850000,     2.20000,     26.4620,     3.87800,    0.809400   
     0.000000,    0.850000,     2.40000,     26.5270,     3.35150,    0.760500   
     0.000000,    0.850000,     2.60000,     26.5270,     2.78650,    0.678500   
     0.000000,    0.850000,     2.80000,     26.5270,     2.21510,    0.554700   
     0.000000,    0.850000,     3.00000,     26.5270,     1.66900,    0.376700 ];  
HPC(:,7,:,1)=[      0.000000,    0.900000,     1.00000,     30.0630,     7.52540,    0.771800   
     0.000000,    0.900000,     1.20000,     31.4390,     7.48410,    0.807800   
     0.000000,    0.900000,     1.40000,     32.5660,     7.29490,    0.836500   
     0.000000,    0.900000,     1.60000,     33.4510,     6.96570,    0.856700   
     0.000000,    0.900000,     1.80000,     34.1030,     6.51070,    0.866900   
     0.000000,    0.900000,     2.00000,     34.5330,     5.94910,    0.865100   
     0.000000,    0.900000,     2.20000,     34.7560,     5.26850,    0.844500   
     0.000000,    0.900000,     2.40000,     34.7980,     4.47470,    0.796400   
     0.000000,    0.900000,     2.60000,     34.7980,     3.62320,    0.714200   
     0.000000,    0.900000,     2.80000,     34.7980,     2.77270,    0.589400   
     0.000000,    0.900000,     3.00000,     34.7980,     1.97970,    0.410100 ];  
HPC(:,8,:,1)=[      0.000000,    0.925000,     1.00000,     34.3470,     8.77750,    0.774500   
     0.000000,    0.925000,     1.20000,     35.9150,     8.77040,    0.811900   
     0.000000,    0.925000,     1.40000,     37.1940,     8.57680,    0.841800   
     0.000000,    0.925000,     1.60000,     38.1910,     8.20540,    0.863100   
     0.000000,    0.925000,     1.80000,     38.9180,     7.67330,    0.874200   
     0.000000,    0.925000,     2.00000,     39.3900,     7.00480,    0.873200   
     0.000000,    0.925000,     2.20000,     39.6220,     6.18450,    0.853500   
     0.000000,    0.925000,     2.40000,     39.6540,     5.22120,    0.806300   
     0.000000,    0.925000,     2.60000,     39.6540,     4.18720,    0.725500   
     0.000000,    0.925000,     2.80000,     39.6540,     3.15870,    0.603000   
     0.000000,    0.925000,     3.00000,     39.6540,     2.20840,    0.428100 ];  
