output = [];
a.('Fn')=27704.9;a.('Wf')=2.86628;a.('Nf')=5222.27;a.('Nc')=14650.7;a.('EPR')=1.69511;a.('NCR25')=12286.4;a.('Ps30')=415.036;a.('FAR')=0.0281036;
output = [output a]; clear a;
a.('Fn')=24934.4;a.('Wf')=2.42437;a.('Nf')=4883.97;a.('Nc')=14311.7;a.('EPR')=1.54126;a.('NCR25')=12236.5;a.('Ps30')=368.225;a.('FAR')=0.0260466;
output = [output a]; clear a;
a.('Fn')=22163.9;a.('Wf')=2.07474;a.('Nf')=4645.87;a.('Nc')=14040.3;a.('EPR')=1.43252;a.('NCR25')=12167.6;a.('Ps30')=329.275;a.('FAR')=0.0243142;
output = [output a]; clear a;
a.('Fn')=28866.5;a.('Wf')=3.09784;a.('Nf')=5443.62;a.('Nc')=14840.7;a.('EPR')=1.77814;a.('NCR25')=12308;a.('Ps30')=437.172;a.('FAR')=0.0292796;
output = [output a]; clear a;
a.('Fn')=28866.5;a.('Wf')=3.09784;a.('Nf')=5443.62;a.('Nc')=14840.7;a.('EPR')=1.77814;a.('NCR25')=12308;a.('Ps30')=437.172;a.('FAR')=0.0292796;
output = [output a]; clear a;
a.('Fn')=28866.5;a.('Wf')=3.09784;a.('Nf')=5443.62;a.('Nc')=14840.7;a.('EPR')=1.77814;a.('NCR25')=12308;a.('Ps30')=437.172;a.('FAR')=0.0292796;
output = [output a]; clear a;
a.('Fn')=28866.5;a.('Wf')=3.09784;a.('Nf')=5443.62;a.('Nc')=14840.7;a.('EPR')=1.77814;a.('NCR25')=12308;a.('Ps30')=437.172;a.('FAR')=0.0292796;
output = [output a]; clear a;
a.('Fn')=28866.5;a.('Wf')=3.09784;a.('Nf')=5443.62;a.('Nc')=14840.7;a.('EPR')=1.77814;a.('NCR25')=12308;a.('Ps30')=437.172;a.('FAR')=0.0292796;
output = [output a]; clear a;
a.('Fn')=28866.5;a.('Wf')=3.09784;a.('Nf')=5443.62;a.('Nc')=14840.7;a.('EPR')=1.77814;a.('NCR25')=12308;a.('Ps30')=437.172;a.('FAR')=0.0292796;
output = [output a]; clear a;
