%---------------------------------------------------------
% Transient Limiter Set up
%---------------------------------------------------------
ttectra_in.Limiter.NcR25_sched=[90 91.2222 92.4444 93.6667 94.8889 96.1111 97.3333 98.5556 99.7778 101];
ttectra_in.Limiter.Ncdot_sched=[150 211.111 261.111 291.667 277.778 244.444 183.333 112.5 30 10];
ttectra_in.Limiter.WfPs3min = 0.00539147;
