output = [];
a.('Fn')=41998.5;a.('Wf')=3.93087;a.('Nf')=4200.07;a.('Nc')=12017.2;a.('EPR')=2.55849;a.('NCR25')=9510.46;a.('Ps30')=747.712;a.('FAR')=0.0219794;
output = [output a]; clear a;
a.('Fn')=37798.6;a.('Wf')=3.33358;a.('Nf')=3948.22;a.('Nc')=11767;a.('EPR')=2.25486;a.('NCR25')=9486.72;a.('Ps30')=660.799;a.('FAR')=0.0206025;
output = [output a]; clear a;
a.('Fn')=33598.8;a.('Wf')=2.84231;a.('Nf')=3785.39;a.('Nc')=11565.5;a.('EPR')=2.00567;a.('NCR25')=9429.22;a.('Ps30')=588.51;a.('FAR')=0.0192968;
output = [output a]; clear a;
a.('Fn')=29398.9;a.('Wf')=2.40202;a.('Nf')=3623.28;a.('Nc')=11371.8;a.('EPR')=1.77586;a.('NCR25')=9373.25;a.('Ps30')=520.062;a.('FAR')=0.0180493;
output = [output a]; clear a;
a.('Fn')=25199.1;a.('Wf')=2.00174;a.('Nf')=3442.18;a.('Nc')=11165;a.('EPR')=1.58723;a.('NCR25')=9326.25;a.('Ps30')=453.655;a.('FAR')=0.016844;
output = [output a]; clear a;
a.('Fn')=20999.2;a.('Wf')=1.62446;a.('Nf')=3225.98;a.('Nc')=10918.6;a.('EPR')=1.43065;a.('NCR25')=9279.74;a.('Ps30')=387.268;a.('FAR')=0.0155854;
output = [output a]; clear a;
a.('Fn')=16799.4;a.('Wf')=1.26103;a.('Nf')=2974.85;a.('Nc')=10613.3;a.('EPR')=1.30251;a.('NCR25')=9216.15;a.('Ps30')=320.754;a.('FAR')=0.0141142;
output = [output a]; clear a;
a.('Fn')=12599.5;a.('Wf')=0.922349;a.('Nf')=2645.81;a.('Nc')=10247.1;a.('EPR')=1.20035;a.('NCR25')=9139.55;a.('Ps30')=254.79;a.('FAR')=0.0124447;
output = [output a]; clear a;
a.('Fn')=657.911;a.('Wf')=0.158568;a.('Nf')=952.524;a.('Nc')=8579.31;a.('EPR')=1.03384;a.('NCR25')=8506.03;a.('Ps30')=77.2616;a.('FAR')=0.0055;
output = [output a]; clear a;
