%mapname = 'LPC'
%maptype = 'RLINE'

%        alpha        speed        Rline        Wcorr           PR          eff  
%mapdata=[ 
%alpha[
LPC(:,1,:,1)=[      0.000000,    0.300000,     1.00000,     15.6870,     1.08810,    0.795300   
     0.000000,    0.300000,     1.20000,     17.2450,     1.08430,    0.820000   
     0.000000,    0.300000,     1.40000,     18.7740,     1.07950,    0.839100   
     0.000000,    0.300000,     1.60000,     20.2720,     1.07380,    0.851100   
     0.000000,    0.300000,     1.80000,     21.7360,     1.06710,    0.853800   
     0.000000,    0.300000,     2.00000,     23.1660,     1.05960,    0.844000   
     0.000000,    0.300000,     2.20000,     24.5580,     1.05120,    0.817000   
     0.000000,    0.300000,     2.40000,     25.9110,     1.04180,    0.765000   
     0.000000,    0.300000,     2.60000,     27.2240,     1.03160,    0.675400   
     0.000000,    0.300000,     2.80000,     28.4940,     1.02040,    0.525900   
     0.000000,    0.300000,     3.00000,     29.7200,     1.00840,    0.272000 ];  
LPC(:,2,:,1)=[      0.000000,    0.400000,     1.00000,     21.9040,     1.16190,    0.809300   
     0.000000,    0.400000,     1.20000,     23.8950,     1.15480,    0.834500   
     0.000000,    0.400000,     1.40000,     25.8200,     1.14610,    0.854300   
     0.000000,    0.400000,     1.60000,     27.6760,     1.13580,    0.867200   
     0.000000,    0.400000,     1.80000,     29.4580,     1.12380,    0.871300   
     0.000000,    0.400000,     2.00000,     31.1640,     1.11030,    0.863700   
     0.000000,    0.400000,     2.20000,     32.7890,     1.09520,    0.839800   
     0.000000,    0.400000,     2.40000,     34.3310,     1.07850,    0.792600   
     0.000000,    0.400000,     2.60000,     35.7890,     1.06030,    0.710800   
     0.000000,    0.400000,     2.80000,     37.1590,     1.04070,    0.574700   
     0.000000,    0.400000,     3.00000,     38.4420,     1.01970,    0.346100 ];  
LPC(:,3,:,1)=[      0.000000,    0.500000,     1.00000,     28.7640,     1.26280,    0.822800   
     0.000000,    0.500000,     1.20000,     31.1080,     1.25150,    0.848700   
     0.000000,    0.500000,     1.40000,     33.3320,     1.23750,    0.869300   
     0.000000,    0.500000,     1.60000,     35.4280,     1.22090,    0.883400   
     0.000000,    0.500000,     1.80000,     37.3920,     1.20170,    0.889000   
     0.000000,    0.500000,     2.00000,     39.2200,     1.18010,    0.883500   
     0.000000,    0.500000,     2.20000,     40.9090,     1.15610,    0.862500   
     0.000000,    0.500000,     2.40000,     42.4570,     1.12980,    0.819700   
     0.000000,    0.500000,     2.60000,     43.8630,     1.10120,    0.744800   
     0.000000,    0.500000,     2.80000,     45.1280,     1.07060,    0.620400   
     0.000000,    0.500000,     3.00000,     46.2510,     1.03800,    0.413300 ];  
LPC(:,4,:,1)=[      0.000000,    0.600000,     1.00000,     36.3250,     1.40070,    0.832000   
     0.000000,    0.600000,     1.20000,     39.0110,     1.38410,    0.859800   
     0.000000,    0.600000,     1.40000,     41.4900,     1.36320,    0.882300   
     0.000000,    0.600000,     1.60000,     43.7570,     1.33820,    0.898300   
     0.000000,    0.600000,     1.80000,     45.8070,     1.30920,    0.905900   
     0.000000,    0.600000,     2.00000,     47.6390,     1.27650,    0.902500   
     0.000000,    0.600000,     2.20000,     49.2500,     1.24020,    0.883900   
     0.000000,    0.600000,     2.40000,     50.6450,     1.20040,    0.843900   
     0.000000,    0.600000,     2.60000,     51.8250,     1.15740,    0.772800   
     0.000000,    0.600000,     2.80000,     52.7970,     1.11160,    0.654200   
     0.000000,    0.600000,     3.00000,     53.5660,     1.06320,    0.457400 ];  
LPC(:,5,:,1)=[      0.000000,    0.700000,     1.00000,     44.5640,     1.59140,    0.831000   
     0.000000,    0.700000,     1.20000,     47.6630,     1.56920,    0.862800   
     0.000000,    0.700000,     1.40000,     50.4200,     1.53980,    0.889100   
     0.000000,    0.700000,     1.60000,     52.8290,     1.50350,    0.908300   
     0.000000,    0.700000,     1.80000,     54.8900,     1.46060,    0.918600   
     0.000000,    0.700000,     2.00000,     56.6080,     1.41160,    0.917100   
     0.000000,    0.700000,     2.20000,     57.9900,     1.35680,    0.899600   
     0.000000,    0.700000,     2.40000,     59.0490,     1.29670,    0.859400   
     0.000000,    0.700000,     2.60000,     59.7970,     1.23190,    0.786300   
     0.000000,    0.700000,     2.80000,     60.2530,     1.16300,    0.663200   
     0.000000,    0.700000,     3.00000,     60.4350,     1.09080,    0.458300 ];  
LPC(:,6,:,1)=[      0.000000,    0.750000,     1.00000,     48.8800,     1.71540,    0.823700   
     0.000000,    0.750000,     1.20000,     52.2890,     1.69130,    0.859200   
     0.000000,    0.750000,     1.40000,     55.2450,     1.65730,    0.888800   
     0.000000,    0.750000,     1.60000,     57.7450,     1.61380,    0.910800   
     0.000000,    0.750000,     1.80000,     59.7940,     1.56130,    0.923100   
     0.000000,    0.750000,     2.00000,     61.4040,     1.50050,    0.922700   
     0.000000,    0.750000,     2.20000,     62.5910,     1.43200,    0.904900   
     0.000000,    0.750000,     2.40000,     63.3780,     1.35660,    0.862300   
     0.000000,    0.750000,     2.60000,     63.7880,     1.27510,    0.783800   
     0.000000,    0.750000,     2.80000,     63.8670,     1.18890,    0.650300   
     0.000000,    0.750000,     3.00000,     63.8670,     1.09890,    0.426000 ];  
LPC(:,7,:,1)=[      0.000000,    0.800000,     1.00000,     53.7270,     1.85960,    0.818100   
     0.000000,    0.800000,     1.20000,     57.3680,     1.83410,    0.856400   
     0.000000,    0.800000,     1.40000,     60.4340,     1.79530,    0.888500   
     0.000000,    0.800000,     1.60000,     62.9280,     1.74390,    0.912500   
     0.000000,    0.800000,     1.80000,     64.8650,     1.68070,    0.926400   
     0.000000,    0.800000,     2.00000,     66.2660,     1.60660,    0.926900   
     0.000000,    0.800000,     2.20000,     67.1610,     1.52270,    0.909100   
     0.000000,    0.800000,     2.40000,     67.5850,     1.42990,    0.865400   
     0.000000,    0.800000,     2.60000,     67.6320,     1.32990,    0.784300   
     0.000000,    0.800000,     2.80000,     67.6320,     1.22420,    0.646100   
     0.000000,    0.800000,     3.00000,     67.6320,     1.11470,    0.414500 ];  
LPC(:,8,:,1)=[      0.000000,    0.850000,     1.00000,     58.8800,     2.02820,    0.828100   
     0.000000,    0.850000,     1.20000,     62.6210,     1.99930,    0.864300   
     0.000000,    0.850000,     1.40000,     65.7410,     1.95530,    0.894400   
     0.000000,    0.850000,     1.60000,     68.2470,     1.89710,    0.916900   
     0.000000,    0.850000,     1.80000,     70.1590,     1.82560,    0.929900   
     0.000000,    0.850000,     2.00000,     71.5000,     1.74200,    0.930700   
     0.000000,    0.850000,     2.20000,     72.3060,     1.64730,    0.915200   
     0.000000,    0.850000,     2.40000,     72.6160,     1.54290,    0.877400   
     0.000000,    0.850000,     2.60000,     72.6220,     1.43060,    0.808800   
     0.000000,    0.850000,     2.80000,     72.6220,     1.31220,    0.695700   
     0.000000,    0.850000,     3.00000,     72.6220,     1.18980,    0.514900 ];  
