%mapname = 'Fan'
%maptype = 'RLINE'

%        alpha        speed        Rline        Wcorr           PR          eff  
%mapdata=[ 
%alpha[
Fan(:,1,:,1)=[      0.000000,    0.300000,     1.00000,     68.8210,     1.02230,    0.575000   
     0.000000,    0.300000,     1.20000,     111.999,     1.02460,    0.692500   
     0.000000,    0.300000,     1.40000,     154.363,     1.02550,    0.796100   
     0.000000,    0.300000,     1.60000,     195.615,     1.02520,    0.880800   
     0.000000,    0.300000,     1.80000,     235.476,     1.02370,    0.938900   
     0.000000,    0.300000,     2.00000,     273.687,     1.02090,    0.958000   
     0.000000,    0.300000,     2.20000,     310.016,     1.01690,    0.920200   
     0.000000,    0.300000,     2.40000,     344.256,     1.01180,    0.791800   
     0.000000,    0.300000,     2.60000,     376.233,     1.00570,    0.492700   
     0.000000,    0.300000,     2.80000,     398.879,     1.00000,    0.000000   
     0.000000,    0.300000,     3.00000,     398.879,     1.00000,    0.000000 ];  
Fan(:,2,:,1)=[      0.000000,    0.400000,     1.00000,     112.512,     1.04010,    0.591300   
     0.000000,    0.400000,     1.20000,     167.107,     1.04390,    0.706400   
     0.000000,    0.400000,     1.40000,     219.822,     1.04560,    0.807500   
     0.000000,    0.400000,     1.60000,     270.105,     1.04510,    0.889800   
     0.000000,    0.400000,     1.80000,     317.461,     1.04250,    0.946100   
     0.000000,    0.400000,     2.00000,     361.464,     1.03780,    0.965100   
     0.000000,    0.400000,     2.20000,     401.766,     1.03110,    0.931400   
     0.000000,    0.400000,     2.40000,     438.097,     1.02250,    0.816500   
     0.000000,    0.400000,     2.60000,     470.269,     1.01220,    0.557400   
     0.000000,    0.400000,     2.80000,     498.174,     1.00000,  0.00210000   
     0.000000,    0.400000,     3.00000,     497.212,     1.00000,    0.000000 ];  
Fan(:,3,:,1)=[      0.000000,    0.500000,     1.00000,     161.908,     1.06180,    0.587800   
     0.000000,    0.500000,     1.20000,     227.528,     1.06820,    0.705400   
     0.000000,    0.500000,     1.40000,     289.572,     1.07130,    0.808400   
     0.000000,    0.500000,     1.60000,     347.177,     1.07100,    0.891900   
     0.000000,    0.500000,     1.80000,     399.631,     1.06730,    0.949000   
     0.000000,    0.500000,     2.00000,     446.384,     1.06020,    0.968600   
     0.000000,    0.500000,     2.20000,     487.054,     1.04990,    0.936200   
     0.000000,    0.500000,     2.40000,     521.430,     1.03690,    0.826500   
     0.000000,    0.500000,     2.60000,     549.461,     1.02100,    0.584600   
     0.000000,    0.500000,     2.80000,     571.245,     1.00240,   0.0878000   
     0.000000,    0.500000,     3.00000,     572.745,     1.00000,    0.000000 ];  
Fan(:,4,:,1)=[      0.000000,    0.600000,     1.00000,     192.654,     1.07950,    0.513900   
     0.000000,    0.600000,     1.20000,     275.110,     1.09330,    0.654200   
     0.000000,    0.600000,     1.40000,     351.145,     1.10120,    0.777200   
     0.000000,    0.600000,     1.60000,     419.280,     1.10300,    0.877300   
     0.000000,    0.600000,     1.80000,     478.416,     1.09880,    0.946100   
     0.000000,    0.600000,     2.00000,     527.858,     1.08860,    0.970400   
     0.000000,    0.600000,     2.20000,     567.308,     1.07290,    0.932900   
     0.000000,    0.600000,     2.40000,     596.836,     1.05210,    0.802600   
     0.000000,    0.600000,     2.60000,     616.828,     1.02660,    0.512500   
     0.000000,    0.600000,     2.80000,     627.055,     1.00000,    0.000000   
     0.000000,    0.600000,     3.00000,     627.055,     1.00000,    0.000000 ];  
Fan(:,5,:,1)=[      0.000000,    0.700000,     1.00000,     194.480,     1.08050,    0.367900   
     0.000000,    0.700000,     1.20000,     303.569,     1.11150,    0.551300   
     0.000000,    0.700000,     1.40000,     401.523,     1.13160,    0.713000   
     0.000000,    0.700000,     1.60000,     485.468,     1.14040,    0.845600   
     0.000000,    0.700000,     1.80000,     553.559,     1.13770,    0.937800   
     0.000000,    0.700000,     2.00000,     605.011,     1.12360,    0.971500   
     0.000000,    0.700000,     2.20000,     640.011,     1.09900,    0.921800   
     0.000000,    0.700000,     2.40000,     659.551,     1.06500,    0.742900   
     0.000000,    0.700000,     2.60000,     665.239,     1.02240,    0.329900   
     0.000000,    0.700000,     2.80000,     665.239,     1.00000,    0.000000   
     0.000000,    0.700000,     3.00000,     665.239,     1.00000,    0.000000 ];  
Fan(:,6,:,1)=[      0.000000,    0.750000,     1.00000,     181.826,     1.07330,    0.284300   
     0.000000,    0.750000,     1.20000,     309.137,     1.11750,    0.492100   
     0.000000,    0.750000,     1.40000,     422.300,     1.14750,    0.675800   
     0.000000,    0.750000,     1.60000,     517.186,     1.16230,    0.826900   
     0.000000,    0.750000,     1.80000,     591.330,     1.16160,    0.932400   
     0.000000,    0.750000,     2.00000,     643.947,     1.14530,    0.971400   
     0.000000,    0.750000,     2.20000,     675.750,     1.11480,    0.914800   
     0.000000,    0.750000,     2.40000,     688.612,     1.07170,    0.707600   
     0.000000,    0.750000,     2.60000,     689.168,     1.01730,    0.222500   
     0.000000,    0.750000,     2.80000,     689.168,     1.00000,-2.77556e-017   
     0.000000,    0.750000,     3.00000,     689.168,     1.00000,    0.000000 ];  
Fan(:,7,:,1)=[      0.000000,    0.800000,     1.00000,     173.307,     1.06830,    0.230900   
     0.000000,    0.800000,     1.20000,     318.290,     1.12530,    0.454600   
     0.000000,    0.800000,     1.40000,     445.793,     1.16480,    0.652400   
     0.000000,    0.800000,     1.60000,     550.282,     1.18560,    0.815100   
     0.000000,    0.800000,     1.80000,     628.711,     1.18680,    0.928800   
     0.000000,    0.800000,     2.00000,     680.503,     1.16850,    0.971100   
     0.000000,    0.800000,     2.20000,     707.188,     1.13230,    0.910500   
     0.000000,    0.800000,     2.40000,     712.523,     1.08060,    0.688300   
     0.000000,    0.800000,     2.60000,     712.523,     1.01500,    0.167900   
     0.000000,    0.800000,     2.80000,     712.523,     1.00000,    0.000000   
     0.000000,    0.800000,     3.00000,     712.523,     1.00000,    0.000000 ];  
Fan(:,8,:,1)=[      0.000000,    0.850000,     1.00000,     239.920,     1.10670,    0.327900   
     0.000000,    0.850000,     1.20000,     381.838,     1.16000,    0.525300   
     0.000000,    0.850000,     1.40000,     503.758,     1.19640,    0.698000   
     0.000000,    0.850000,     1.60000,     601.079,     1.21460,    0.838300   
     0.000000,    0.850000,     1.80000,     671.677,     1.21400,    0.934600   
     0.000000,    0.850000,     2.00000,     715.761,     1.19480,    0.969500   
     0.000000,    0.850000,     2.20000,     735.422,     1.15840,    0.920400   
     0.000000,    0.850000,     2.40000,     737.179,     1.10730,    0.748500   
     0.000000,    0.850000,     2.60000,     737.179,     1.04270,    0.372100   
     0.000000,    0.850000,     2.80000,     737.179,     1.00000,    0.000000   
     0.000000,    0.850000,     3.00000,     737.179,     1.00000,    0.000000 ];  
