%mapname = 'LPC'
%maptype = 'RLINE'

%        alpha        speed        Rline        Wcorr           PR          eff  
%mapdata=[ 
%alpha[
LPC(:,1,:,1)=[      0.000000,    0.300000,     1.00000,     13.6540,     1.09320,    0.763400   
     0.000000,    0.300000,     1.20000,     15.5920,     1.08960,    0.799600   
     0.000000,    0.300000,     1.40000,     17.4900,     1.08460,    0.829000   
     0.000000,    0.300000,     1.60000,     19.3430,     1.07810,    0.849200   
     0.000000,    0.300000,     1.80000,     21.1470,     1.07020,    0.857100   
     0.000000,    0.300000,     2.00000,     22.8970,     1.06090,    0.847400   
     0.000000,    0.300000,     2.20000,     24.5910,     1.05020,    0.811300   
     0.000000,    0.300000,     2.40000,     26.2240,     1.03810,    0.732900   
     0.000000,    0.300000,     2.60000,     27.7940,     1.02450,    0.583300   
     0.000000,    0.300000,     2.80000,     29.2980,     1.00960,    0.298500   
     0.000000,    0.300000,     3.00000,     30.1410,     1.00000,    0.000000 ];  
LPC(:,2,:,1)=[      0.000000,    0.400000,     1.00000,     19.3990,     1.17140,    0.779900   
     0.000000,    0.400000,     1.20000,     21.8830,     1.16470,    0.815600   
     0.000000,    0.400000,     1.40000,     24.2750,     1.15540,    0.844700   
     0.000000,    0.400000,     1.60000,     26.5680,     1.14370,    0.865300   
     0.000000,    0.400000,     1.80000,     28.7520,     1.12950,    0.874200   
     0.000000,    0.400000,     2.00000,     30.8230,     1.11290,    0.867000   
     0.000000,    0.400000,     2.20000,     32.7740,     1.09390,    0.835500   
     0.000000,    0.400000,     2.40000,     34.6000,     1.07260,    0.766000   
     0.000000,    0.400000,     2.60000,     36.2980,     1.04900,    0.633800   
     0.000000,    0.400000,     2.80000,     37.8660,     1.02320,    0.387000   
     0.000000,    0.400000,     3.00000,     39.0620,     1.00000,    0.000000 ];  
LPC(:,3,:,1)=[      0.000000,    0.500000,     1.00000,     25.4690,     1.28000,    0.790200   
     0.000000,    0.500000,     1.20000,     28.5220,     1.26920,    0.827400   
     0.000000,    0.500000,     1.40000,     31.3980,     1.25410,    0.858200   
     0.000000,    0.500000,     1.60000,     34.0820,     1.23500,    0.880500   
     0.000000,    0.500000,     1.80000,     36.5640,     1.21180,    0.891500   
     0.000000,    0.500000,     2.00000,     38.8360,     1.18480,    0.886700   
     0.000000,    0.500000,     2.20000,     40.8910,     1.15400,    0.858300   
     0.000000,    0.500000,     2.40000,     42.7270,     1.11960,    0.792900   
     0.000000,    0.500000,     2.60000,     44.3430,     1.08180,    0.666700   
     0.000000,    0.500000,     2.80000,     45.7390,     1.04090,    0.430000   
     0.000000,    0.500000,     3.00000,     46.8440,     1.00000,    0.000000 ];  
LPC(:,4,:,1)=[      0.000000,    0.600000,     1.00000,     31.8300,     1.42870,    0.788900   
     0.000000,    0.600000,     1.20000,     35.6000,     1.41400,    0.831100   
     0.000000,    0.600000,     1.40000,     39.0430,     1.39200,    0.866600   
     0.000000,    0.600000,     1.60000,     42.1390,     1.36280,    0.893200   
     0.000000,    0.600000,     1.80000,     44.8780,     1.32690,    0.907900   
     0.000000,    0.600000,     2.00000,     47.2510,     1.28460,    0.906000   
     0.000000,    0.600000,     2.20000,     49.2580,     1.23620,    0.879000   
     0.000000,    0.600000,     2.40000,     50.9040,     1.18200,    0.812600   
     0.000000,    0.600000,     2.60000,     52.1980,     1.12270,    0.680800   
     0.000000,    0.600000,     2.80000,     53.1540,     1.05900,    0.428400   
     0.000000,    0.600000,     3.00000,     53.7280,     1.00000,    0.000000 ];  
LPC(:,5,:,1)=[      0.000000,    0.700000,     1.00000,     38.8590,     1.62990,    0.777400   
     0.000000,    0.700000,     1.20000,     43.5090,     1.61380,    0.826600   
     0.000000,    0.700000,     1.40000,     47.5880,     1.58470,    0.868500   
     0.000000,    0.700000,     1.60000,     51.0740,     1.54300,    0.900800   
     0.000000,    0.700000,     1.80000,     53.9570,     1.48950,    0.920100   
     0.000000,    0.700000,     2.00000,     56.2450,     1.42510,    0.921100   
     0.000000,    0.700000,     2.20000,     57.9530,     1.35060,    0.894600   
     0.000000,    0.700000,     2.40000,     59.1100,     1.26700,    0.824500   
     0.000000,    0.700000,     2.60000,     59.7530,     1.17570,    0.681800   
     0.000000,    0.700000,     2.80000,     59.9250,     1.07860,    0.404400   
     0.000000,    0.700000,     3.00000,     59.9250,     1.00000,    0.000000 ];  
LPC(:,6,:,1)=[      0.000000,    0.750000,     1.00000,     42.7500,     1.75550,    0.765600   
     0.000000,    0.750000,     1.20000,     47.9420,     1.74190,    0.819700   
     0.000000,    0.750000,     1.40000,     52.3830,     1.71050,    0.866100   
     0.000000,    0.750000,     1.60000,     56.0500,     1.66200,    0.902100   
     0.000000,    0.750000,     1.80000,     58.9430,     1.59750,    0.924200   
     0.000000,    0.750000,     2.00000,     61.0830,     1.51830,    0.926800   
     0.000000,    0.750000,     2.20000,     62.5050,     1.42570,    0.899900   
     0.000000,    0.750000,     2.40000,     63.2590,     1.32130,    0.826300   
     0.000000,    0.750000,     2.60000,     63.4230,     1.20760,    0.674800   
     0.000000,    0.750000,     2.80000,     63.4230,     1.08720,    0.378800   
     0.000000,    0.750000,     3.00000,     63.4230,     1.00000,    0.000000 ];  
LPC(:,7,:,1)=[      0.000000,    0.800000,     1.00000,     46.5860,     1.90050,    0.749700   
     0.000000,    0.800000,     1.20000,     52.4580,     1.89310,    0.809700   
     0.000000,    0.800000,     1.40000,     57.3390,     1.86100,    0.861200   
     0.000000,    0.800000,     1.60000,     61.2080,     1.80530,    0.901600   
     0.000000,    0.800000,     1.80000,     64.0790,     1.72740,    0.926900   
     0.000000,    0.800000,     2.00000,     65.9960,     1.62960,    0.931100   
     0.000000,    0.800000,     2.20000,     67.0260,     1.51390,    0.903200   
     0.000000,    0.800000,     2.40000,     67.2670,     1.38290,    0.824400   
     0.000000,    0.800000,     2.60000,     67.2670,     1.24050,    0.660400   
     0.000000,    0.800000,     2.80000,     67.2670,     1.09090,    0.337500   
     0.000000,    0.800000,     3.00000,     67.2670,     1.00000,    0.000000 ];  
LPC(:,8,:,1)=[      0.000000,    0.850000,     1.00000,     51.0310,     2.07700,    0.758700   
     0.000000,    0.850000,     1.20000,     57.2890,     2.07050,    0.817200   
     0.000000,    0.850000,     1.40000,     62.4420,     2.03530,    0.867200   
     0.000000,    0.850000,     1.60000,     66.4740,     1.97240,    0.906200   
     0.000000,    0.850000,     1.80000,     69.4060,     1.88370,    0.930600   
     0.000000,    0.850000,     2.00000,     71.2940,     1.77170,    0.935000   
     0.000000,    0.850000,     2.20000,     72.2170,     1.63920,    0.910200   
     0.000000,    0.850000,     2.40000,     72.3480,     1.48930,    0.840700   
     0.000000,    0.850000,     2.60000,     72.3480,     1.32680,    0.700500   
     0.000000,    0.850000,     2.80000,     72.3480,     1.15690,    0.438800   
     0.000000,    0.850000,     3.00000,     72.3480,     1.00000,    0.000000 ];  
