%mapname = 'HPC'
%maptype = 'RLINE'

%        alpha        speed        Rline        Wcorr           PR          eff  
%mapdata=[ 
%alpha[
HPC(:,1,:,1)=[      0.000000,    0.500000,     1.00000,     5.75700,     2.08640,    0.697500   
     0.000000,    0.500000,     1.20000,     6.03800,     2.03640,    0.709000   
     0.000000,    0.500000,     1.40000,     6.28500,     1.97580,    0.715300   
     0.000000,    0.500000,     1.60000,     6.49900,     1.90550,    0.715300   
     0.000000,    0.500000,     1.80000,     6.67900,     1.82620,    0.707800   
     0.000000,    0.500000,     2.00000,     6.82700,     1.73900,    0.691200   
     0.000000,    0.500000,     2.20000,     6.94300,     1.64060,    0.659700   
     0.000000,    0.500000,     2.40000,     7.02900,     1.52890,    0.606000   
     0.000000,    0.500000,     2.60000,     7.08600,     1.40630,    0.523800   
     0.000000,    0.500000,     2.80000,     7.11500,     1.27550,    0.404900   
     0.000000,    0.500000,     3.00000,     7.12100,     1.13960,    0.237300 ];  
HPC(:,2,:,1)=[      0.000000,    0.600000,     1.00000,     7.95300,     2.86050,    0.714400   
     0.000000,    0.600000,     1.20000,     8.25800,     2.77570,    0.724000   
     0.000000,    0.600000,     1.40000,     8.52000,     2.67560,    0.729100   
     0.000000,    0.600000,     1.60000,     8.74000,     2.56140,    0.729100   
     0.000000,    0.600000,     1.80000,     8.91800,     2.43460,    0.723000   
     0.000000,    0.600000,     2.00000,     9.05700,     2.29690,    0.709700   
     0.000000,    0.600000,     2.20000,     9.15700,     2.14400,    0.685100   
     0.000000,    0.600000,     2.40000,     9.22000,     1.97310,    0.643700   
     0.000000,    0.600000,     2.60000,     9.24900,     1.78830,    0.582000   
     0.000000,    0.600000,     2.80000,     9.25200,     1.59440,    0.495100   
     0.000000,    0.600000,     3.00000,     9.25200,     1.39600,    0.376700 ];  
HPC(:,3,:,1)=[      0.000000,    0.700000,     1.00000,     11.2560,     4.03930,    0.737100   
     0.000000,    0.700000,     1.20000,     11.5670,     3.90470,    0.745100   
     0.000000,    0.700000,     1.40000,     11.8310,     3.74910,    0.749500   
     0.000000,    0.700000,     1.60000,     12.0510,     3.57450,    0.749600   
     0.000000,    0.700000,     1.80000,     12.2290,     3.38340,    0.745000   
     0.000000,    0.700000,     2.00000,     12.3640,     3.17810,    0.734900   
     0.000000,    0.700000,     2.20000,     12.4600,     2.95280,    0.716100   
     0.000000,    0.700000,     2.40000,     12.5170,     2.70390,    0.685100   
     0.000000,    0.700000,     2.60000,     12.5390,     2.43750,    0.639400   
     0.000000,    0.700000,     2.80000,     12.5390,     2.16030,    0.576600   
     0.000000,    0.700000,     3.00000,     12.5390,     1.87910,    0.493200 ];  
HPC(:,4,:,1)=[      0.000000,    0.750000,     1.00000,     13.8010,     5.02100,    0.751300   
     0.000000,    0.750000,     1.20000,     14.1360,     4.85080,    0.759800   
     0.000000,    0.750000,     1.40000,     14.4210,     4.65270,    0.764800   
     0.000000,    0.750000,     1.60000,     14.6560,     4.42960,    0.765900   
     0.000000,    0.750000,     1.80000,     14.8430,     4.18460,    0.762400   
     0.000000,    0.750000,     2.00000,     14.9840,     3.92110,    0.753900   
     0.000000,    0.750000,     2.20000,     15.0810,     3.63150,    0.737300   
     0.000000,    0.750000,     2.40000,     15.1360,     3.31130,    0.709400   
     0.000000,    0.750000,     2.60000,     15.1510,     2.96900,    0.668200   
     0.000000,    0.750000,     2.80000,     15.1510,     2.61360,    0.611500   
     0.000000,    0.750000,     3.00000,     15.1510,     2.25460,    0.536600 ];  
HPC(:,5,:,1)=[      0.000000,    0.800000,     1.00000,     17.1380,     6.32810,    0.769600   
     0.000000,    0.800000,     1.20000,     17.4980,     6.11290,    0.778500   
     0.000000,    0.800000,     1.40000,     17.8020,     5.86150,    0.784100   
     0.000000,    0.800000,     1.60000,     18.0510,     5.57750,    0.786000   
     0.000000,    0.800000,     1.80000,     18.2470,     5.26500,    0.783700   
     0.000000,    0.800000,     2.00000,     18.3920,     4.92850,    0.776700   
     0.000000,    0.800000,     2.20000,     18.4890,     4.55830,    0.762500   
     0.000000,    0.800000,     2.40000,     18.5390,     4.14870,    0.737800   
     0.000000,    0.800000,     2.60000,     18.5480,     3.71080,    0.701200   
     0.000000,    0.800000,     2.80000,     18.5480,     3.25660,    0.650900   
     0.000000,    0.800000,     3.00000,     18.5480,     2.79850,    0.584600 ];  
HPC(:,6,:,1)=[      0.000000,    0.850000,     1.00000,     22.4100,     8.49600,    0.796500   
     0.000000,    0.850000,     1.20000,     22.8490,     8.21860,    0.807100   
     0.000000,    0.850000,     1.40000,     23.2180,     7.88620,    0.814400   
     0.000000,    0.850000,     1.60000,     23.5180,     7.50410,    0.818000   
     0.000000,    0.850000,     1.80000,     23.7510,     7.07850,    0.817500   
     0.000000,    0.850000,     2.00000,     23.9200,     6.61600,    0.812500   
     0.000000,    0.850000,     2.20000,     24.0270,     6.10280,    0.800200   
     0.000000,    0.850000,     2.40000,     24.0770,     5.53060,    0.777800   
     0.000000,    0.850000,     2.60000,     24.0810,     4.91680,    0.743900   
     0.000000,    0.850000,     2.80000,     24.0810,     4.27990,    0.696700   
     0.000000,    0.850000,     3.00000,     24.0810,     3.63890,    0.634300 ];  
HPC(:,7,:,1)=[      0.000000,    0.900000,     1.00000,     29.8150,     11.7810,    0.822800   
     0.000000,    0.900000,     1.20000,     30.3950,     11.4273,    0.836100   
     0.000000,    0.900000,     1.40000,     30.8760,     10.9815,    0.845800   
     0.000000,    0.900000,     1.60000,     31.2630,     10.4519,    0.851700   
     0.000000,    0.900000,     1.80000,     31.5580,     9.84840,    0.853200   
     0.000000,    0.900000,     2.00000,     31.7650,     9.18230,    0.849900   
     0.000000,    0.900000,     2.20000,     31.8880,     8.43160,    0.839100   
     0.000000,    0.900000,     2.40000,     31.9320,     7.58440,    0.817500   
     0.000000,    0.900000,     2.60000,     31.9320,     6.67090,    0.783800   
     0.000000,    0.900000,     2.80000,     31.9320,     5.72310,    0.736100   
     0.000000,    0.900000,     3.00000,     31.9320,     4.77400,    0.672600 ];  
HPC(:,8,:,1)=[      0.000000,    0.925000,     1.00000,     35.0500,     14.2236,    0.832200   
     0.000000,    0.925000,     1.20000,     35.7050,     13.8233,    0.845900   
     0.000000,    0.925000,     1.40000,     36.2470,     13.3058,    0.856100   
     0.000000,    0.925000,     1.60000,     36.6800,     12.6813,    0.862500   
     0.000000,    0.925000,     1.80000,     37.0080,     11.9619,    0.864700   
     0.000000,    0.925000,     2.00000,     37.2350,     11.1617,    0.862100   
     0.000000,    0.925000,     2.20000,     37.3660,     10.2526,    0.852100   
     0.000000,    0.925000,     2.40000,     37.4070,     9.21990,    0.831700   
     0.000000,    0.925000,     2.60000,     37.4070,     8.10160,    0.799500   
     0.000000,    0.925000,     2.80000,     37.4070,     6.93850,    0.753900   
     0.000000,    0.925000,     3.00000,     37.4070,     5.77250,    0.693200 ];  
